Sample	total_reads	avg_input_read_length	uniquely_mapped	uniquely_mapped_percent	avg_mapped_read_length	num_splices	num_annotated_splices	num_GTAG_splices	num_GCAG_splices	num_ATAC_splices	num_noncanonical_splices	mismatch_rate	deletion_rate	deletion_length	insertion_rate	insertion_length	multimapped	multimapped_percent	multimapped_toomany	multimapped_toomany_percent	unmapped_mismatches_percent	unmapped_tooshort_percent	unmapped_other_percent	unmapped_mismatches	unmapped_tooshort	unmapped_other
sample_1	90268261.0	307.0	74960878.0	83.04	303.08	63481242.0	32992913.0	62464984.0	481597.0	6052.0	528609.0	0.7	0.04	2.45	0.03	1.96	6755355.0	7.48	21599.0	0.02	0.0	8.99	0.46	0	8115191	415238
sample_10	110581420.0	309.0	84733654.0	76.63	304.42	69063741.0	34552774.0	67685980.0	603697.0	7285.0	766779.0	0.7	0.05	2.59	0.04	2.12	13791716.0	12.47	178952.0	0.16	0.0	9.0	1.74	0	9952875	1924223
sample_11	105228987.0	309.0	81517705.0	77.47	303.69	59405138.0	29799265.0	58207331.0	472284.0	7829.0	717694.0	0.69	0.05	2.66	0.05	2.14	13267322.0	12.61	128458.0	0.12	0.0	8.56	1.24	0	9010275	1305227
sample_12	99436896.0	310.0	81035792.0	81.49	305.9	66372906.0	34830350.0	65313708.0	501131.0	6609.0	551458.0	0.7	0.04	2.46	0.04	1.93	7941356.0	7.99	20036.0	0.02	0.0	10.04	0.46	0	9982353	457359
sample_13	103900433.0	309.0	81234495.0	78.18	304.51	64809869.0	32244461.0	63727926.0	476818.0	7250.0	597875.0	0.69	0.05	2.65	0.04	2.02	10004566.0	9.63	75145.0	0.07	0.0	11.24	0.87	0	11682014	904213
sample_14	123588102.0	306.0	98994986.0	80.1	302.34	83792091.0	41959303.0	82436124.0	614833.0	8956.0	732178.0	0.67	0.04	2.57	0.04	1.98	12283580.0	9.94	79395.0	0.06	0.0	9.1	0.8	0	11241847	988294
sample_15	101364181.0	308.0	81983226.0	80.88	303.03	67126677.0	35351899.0	65907448.0	564733.0	7115.0	647381.0	0.7	0.05	2.6	0.04	2.01	9465772.0	9.34	29728.0	0.03	0.0	9.15	0.6	0	9277119	608336
sample_16	100199133.0	308.0	80815966.0	80.66	303.82	63632570.0	33394869.0	62525214.0	516557.0	6608.0	584191.0	0.71	0.05	2.68	0.04	1.97	9639874.0	9.62	29125.0	0.03	0.0	9.09	0.6	0	9112672	601496
sample_17	106426635.0	307.0	82662012.0	77.67	302.94	69227687.0	33850961.0	67927853.0	579634.0	6082.0	714118.0	0.67	0.05	2.52	0.04	2.02	12442090.0	11.69	109573.0	0.1	0.0	9.12	1.42	0	9702296	1510664
sample_18	92377850.0	306.0	72264263.0	78.23	301.92	61169273.0	29403287.0	60060020.0	493722.0	6915.0	608616.0	0.68	0.05	2.62	0.04	2.02	10510891.0	11.38	102205.0	0.11	0.0	9.05	1.23	0	8363759	1136732
sample_19	82462037.0	307.0	67224340.0	81.52	302.87	56427250.0	28969889.0	55495087.0	426760.0	5184.0	500219.0	0.7	0.04	2.48	0.04	2.04	6891627.0	8.36	17081.0	0.02	0.0	9.59	0.51	0	7908416	420573
sample_2	90610991.0	307.0	67679420.0	74.69	302.4	55909805.0	26479983.0	54774443.0	542867.0	5293.0	587202.0	0.67	0.05	2.57	0.04	2.17	12716113.0	14.03	223002.0	0.25	0.0	8.54	2.49	0	7736679	2255777
sample_20	85165964.0	308.0	68513321.0	80.45	303.54	57353422.0	28346498.0	56361568.0	470485.0	6052.0	515317.0	0.69	0.05	2.58	0.04	2.02	8614361.0	10.11	77020.0	0.09	0.0	8.59	0.76	0	7314143	647119
sample_21	86394821.0	308.0	66308530.0	76.75	302.98	51199060.0	24963876.0	50260741.0	392480.0	5534.0	540305.0	0.69	0.05	2.66	0.04	2.09	8554699.0	9.9	42400.0	0.05	0.0	12.52	0.78	0	10815390	673802
sample_22	85072689.0	305.0	69511074.0	81.71	301.0	56615454.0	28968922.0	55659397.0	453837.0	6044.0	496176.0	0.69	0.04	2.56	0.04	1.95	7827493.0	9.2	19742.0	0.02	0.0	8.6	0.47	0	7314627	399753
sample_23	84100144.0	307.0	68430180.0	81.37	302.94	58246979.0	30638899.0	57226984.0	530166.0	5590.0	484239.0	0.7	0.04	2.48	0.04	1.97	7316278.0	8.7	20785.0	0.02	0.0	9.42	0.49	0	7920881	412020
sample_24	95959174.0	308.0	72170202.0	75.21	302.59	57756643.0	27513658.0	56646264.0	463900.0	7728.0	638751.0	0.7	0.05	2.73	0.05	2.16	12932307.0	13.48	184709.0	0.19	0.0	9.49	1.64	0	9099449	1572507
sample_25	97174371.0	309.0	79016644.0	81.31	303.92	64692895.0	33000818.0	63629559.0	498555.0	5321.0	559460.0	0.7	0.04	2.49	0.04	2.0	8249327.0	8.49	40470.0	0.04	0.0	9.55	0.61	0	9275466	592464
sample_26	94540352.0	309.0	75190378.0	79.53	304.7	60421046.0	31034390.0	59424705.0	478108.0	6079.0	512154.0	0.67	0.05	2.55	0.04	2.01	9206773.0	9.74	22168.0	0.02	0.0	10.16	0.54	0	9610252	510781
sample_27	95180002.0	310.0	73770969.0	77.51	305.11	59626711.0	29036902.0	58492010.0	527104.0	5162.0	602435.0	0.69	0.05	2.59	0.04	2.13	10727678.0	11.27	102376.0	0.11	0.0	9.56	1.55	0	9103064	1475915
sample_28	82132056.0	309.0	63038065.0	76.75	304.52	52490782.0	25274373.0	51556731.0	407482.0	5203.0	521366.0	0.68	0.05	2.59	0.04	2.1	10059068.0	12.25	103428.0	0.13	0.0	9.12	1.76	0	7486694	1444801
sample_29	86752429.0	309.0	69819980.0	80.48	304.39	54497306.0	27554128.0	53563871.0	432929.0	6326.0	494180.0	0.71	0.05	2.61	0.04	2.06	7918226.0	9.13	24171.0	0.03	0.0	9.73	0.63	0	8443360	546692
sample_3	93429759.0	307.0	72930064.0	78.06	302.09	62029167.0	30950002.0	60862947.0	530306.0	6156.0	629758.0	0.68	0.05	2.57	0.04	2.04	10286365.0	11.01	124973.0	0.13	0.0	9.15	1.65	0	8547080	1541277
sample_30	87874898.0	308.0	71429056.0	81.28	304.16	58273568.0	29895387.0	57402217.0	402958.0	5374.0	463019.0	0.69	0.04	2.46	0.04	2.07	7630699.0	8.68	17972.0	0.02	0.0	9.6	0.41	0	8436847	360324
sample_31	93670186.0	308.0	71343952.0	76.17	303.77	56753004.0	26557291.0	55758460.0	412754.0	5910.0	575880.0	0.68	0.05	2.64	0.04	2.11	11801044.0	12.6	179668.0	0.19	0.0	8.92	2.12	0	8358882	1986640
sample_32	95057188.0	309.0	77954923.0	82.01	304.86	62990150.0	32841885.0	61848798.0	549290.0	6501.0	585561.0	0.69	0.04	2.55	0.04	1.99	8196641.0	8.62	21804.0	0.02	0.0	8.84	0.5	0	8408241	475579
sample_33	94977392.0	310.0	75636514.0	79.64	305.46	61230810.0	30131528.0	60232399.0	477665.0	5704.0	515042.0	0.69	0.04	2.53	0.04	2.04	10161065.0	10.7	40097.0	0.04	0.0	9.03	0.59	0	8579172	560544
sample_34	90975925.0	310.0	65278054.0	71.75	305.09	53127488.0	26935125.0	52197374.0	438461.0	5883.0	485770.0	0.7	0.05	2.64	0.04	2.16	8265716.0	9.09	43149.0	0.05	0.0	18.41	0.7	0	16752046	636960
sample_35	95852407.0	310.0	74689353.0	77.92	305.21	59119237.0	29796055.0	58079903.0	473735.0	6577.0	559022.0	0.69	0.05	2.71	0.04	2.19	11069217.0	11.55	144333.0	0.15	0.0	9.29	1.09	0	8904710	1044794
sample_36	84577623.0	309.0	65204630.0	77.09	304.04	52077437.0	25034852.0	51200455.0	382523.0	4671.0	489788.0	0.68	0.05	2.69	0.04	2.14	10792757.0	12.76	24599.0	0.03	0.0	9.37	0.74	0	7929408	626229
sample_37	82302514.0	310.0	62698800.0	76.18	305.28	50472482.0	26009932.0	49526095.0	421296.0	5044.0	520047.0	0.69	0.05	2.61	0.05	2.18	10452598.0	12.7	108693.0	0.13	0.0	9.19	1.79	0	7568294	1474129
sample_38	90491859.0	309.0	71829371.0	79.38	304.12	57245629.0	29654449.0	56228340.0	441651.0	6561.0	569077.0	0.71	0.05	2.53	0.04	2.0	8202307.0	9.06	20057.0	0.02	0.0	10.95	0.59	0	9906357	533767
sample_39	93048890.0	309.0	76141789.0	81.83	304.73	64843727.0	34048684.0	63761168.0	549059.0	6009.0	527491.0	0.7	0.04	2.46	0.04	1.97	7351541.0	7.9	17964.0	0.02	0.0	9.76	0.49	0	9081652	455944
sample_4	84355954.0	310.0	49667078.0	58.88	305.6	39565778.0	18659487.0	38781797.0	317328.0	3558.0	463095.0	0.68	0.05	2.77	0.04	2.19	8791411.0	10.42	140101.0	0.17	0.0	28.71	1.83	0	24213946	1543418
sample_40	101119708.0	309.0	82515089.0	81.6	304.94	70517910.0	36254994.0	69388440.0	563118.0	6919.0	559433.0	0.66	0.04	2.46	0.04	1.95	8708314.0	8.61	19224.0	0.02	0.0	9.27	0.49	0	9381203	495878
sample_41	94112102.0	308.0	77038085.0	81.86	304.05	63048858.0	32353691.0	61998610.0	486784.0	6398.0	557066.0	0.69	0.04	2.48	0.04	1.99	8277668.0	8.8	22456.0	0.02	0.0	8.8	0.53	0	8275483	498410
sample_42	101991167.0	309.0	82987004.0	81.37	305.1	66736819.0	34744329.0	65575541.0	554750.0	6103.0	600425.0	0.69	0.04	2.51	0.04	1.97	9089838.0	8.91	17387.0	0.02	0.0	9.21	0.49	0	9396990	499948
sample_43	81217459.0	309.0	65050442.0	80.09	304.68	55786491.0	28418595.0	54871237.0	444962.0	4680.0	465612.0	0.71	0.05	2.56	0.04	1.95	8179592.0	10.07	19187.0	0.02	0.0	9.25	0.56	0	7513374	454864
sample_44	160598301.0	309.0	129673614.0	80.74	304.58	103553378.0	51948745.0	101798446.0	781519.0	9505.0	963908.0	0.69	0.04	2.48	0.04	1.97	15134733.0	9.42	39055.0	0.02	0.0	9.29	0.52	0	14915989	834910
sample_45	1880103.0	310.0	1506859.0	80.15	305.05	1308181.0	663239.0	1284348.0	11574.0	115.0	12144.0	0.7	0.04	2.62	0.04	2.03	186693.0	9.93	1402.0	0.07	0.0	8.85	0.99	0	166521	18628
sample_46	85608166.0	309.0	68394241.0	79.89	304.57	57348387.0	28821306.0	56361839.0	469192.0	6402.0	510954.0	0.67	0.05	2.63	0.04	1.99	8417824.0	9.83	24394.0	0.03	0.0	9.64	0.6	0	8257740	513967
sample_47	100109674.0	309.0	79612197.0	79.52	304.16	68498319.0	34656821.0	67273163.0	571038.0	7134.0	646984.0	0.66	0.04	2.56	0.04	1.98	10775426.0	10.76	32731.0	0.03	0.0	8.99	0.69	0	8998656	690664
sample_48	87479575.0	309.0	70786838.0	80.92	304.27	58569496.0	30937300.0	57577289.0	469349.0	5204.0	517654.0	0.71	0.04	2.5	0.04	1.96	8057451.0	9.21	29021.0	0.03	0.0	9.27	0.56	0	8115979	490286
sample_49	96920424.0	306.0	76105611.0	78.52	301.25	68043283.0	32992130.0	66853124.0	544168.0	6481.0	639510.0	0.66	0.05	2.52	0.04	2.03	10568874.0	10.9	106500.0	0.11	0.0	9.05	1.41	0	8772650	1366789
sample_5	76991806.0	307.0	62861549.0	81.65	303.15	49749005.0	25610534.0	48871636.0	374739.0	5879.0	496751.0	0.69	0.04	2.5	0.04	1.95	6740039.0	8.75	18028.0	0.02	0.0	8.99	0.58	0	6925391	446799
sample_50	99525891.0	305.0	78669850.0	79.04	300.34	66979136.0	32841862.0	65883437.0	509294.0	6505.0	579900.0	0.66	0.04	2.61	0.04	1.97	10293026.0	10.34	57851.0	0.06	0.0	9.84	0.72	0	9788903	716261
sample_51	109193326.0	306.0	81448652.0	74.59	301.29	70308538.0	35738344.0	69120581.0	546629.0	6418.0	634910.0	0.68	0.04	2.49	0.04	1.95	10181969.0	9.32	26053.0	0.02	0.0	15.54	0.52	0	16968840	567812
sample_52	95558825.0	305.0	76557393.0	80.12	300.76	65352007.0	31718535.0	64201194.0	487677.0	7045.0	656091.0	0.67	0.05	2.58	0.04	2.03	8822901.0	9.23	28723.0	0.03	0.0	10.02	0.6	0	9576373	573435
sample_53	136143569.0	306.0	104693589.0	76.9	301.86	85443658.0	41442514.0	83846510.0	651716.0	9490.0	935942.0	0.66	0.05	2.68	0.04	2.07	17096492.0	12.56	228688.0	0.17	0.0	8.46	1.92	0	11512120	2612680
sample_54	132575171.0	304.0	108238693.0	81.64	299.92	86492477.0	45347274.0	84895016.0	701777.0	9527.0	886157.0	0.67	0.04	2.52	0.04	1.97	12143162.0	9.16	57923.0	0.04	0.0	8.62	0.54	0	11419988	715405
sample_55	101892086.0	303.0	83969394.0	82.41	298.98	69325813.0	35043962.0	68005827.0	545845.0	7885.0	766256.0	0.67	0.04	2.53	0.04	1.95	8530642.0	8.37	38352.0	0.04	0.0	8.68	0.5	0	8844237	509461
sample_56	118476387.0	303.0	96477626.0	81.43	299.36	75461421.0	39516749.0	74111268.0	611114.0	6936.0	732103.0	0.67	0.04	2.43	0.04	2.06	11129850.0	9.39	35790.0	0.03	0.0	8.69	0.45	0	10299762	533359
sample_57	95046388.0	309.0	76901978.0	80.91	304.14	63178197.0	32774378.0	62060606.0	510769.0	6361.0	600461.0	0.69	0.05	2.49	0.04	2.09	8441379.0	8.88	27073.0	0.03	0.0	9.63	0.55	0	9153190	522768
sample_58	96136559.0	302.0	78781077.0	81.95	298.37	61873294.0	32501360.0	60735103.0	508882.0	6921.0	622388.0	0.68	0.05	2.49	0.04	1.96	8708416.0	9.06	28523.0	0.03	0.0	8.44	0.53	0	8109309	509234
sample_59	99549710.0	306.0	76081432.0	76.43	302.06	61028763.0	30425104.0	59834416.0	552496.0	7364.0	634487.0	0.67	0.05	2.59	0.04	2.1	13193215.0	13.25	163817.0	0.16	0.0	8.1	2.05	0	8069073	2042173
sample_6	71772979.0	306.0	59236915.0	82.53	302.31	48908327.0	25568622.0	48091597.0	388851.0	3970.0	423909.0	0.7	0.04	2.48	0.03	1.97	5640882.0	7.86	20633.0	0.03	0.0	9.06	0.52	0	6501400	373149
sample_60	115345102.0	305.0	89116816.0	77.26	300.87	73250942.0	34823740.0	71954621.0	568511.0	6499.0	721311.0	0.69	0.05	2.52	0.04	2.05	15015361.0	13.02	31708.0	0.03	0.0	9.12	0.58	0	10512649	668568
sample_61	138659203.0	306.0	108293848.0	78.1	301.4	83960893.0	41191087.0	82387170.0	663460.0	10542.0	899721.0	0.68	0.05	2.58	0.04	2.14	16423580.0	11.84	137358.0	0.1	0.0	9.19	0.76	0	12750009	1054408
sample_62	174069388.0	307.0	133468618.0	76.68	302.73	107951541.0	54704762.0	106064669.0	860496.0	12131.0	1014245.0	0.68	0.04	2.58	0.04	2.0	17116770.0	9.83	161519.0	0.09	0.0	12.51	0.89	0	21773451	1549030
sample_63	98082914.0	305.0	77033730.0	78.54	300.66	63162904.0	30240567.0	61880224.0	528275.0	5055.0	749350.0	0.67	0.05	2.51	0.04	2.08	11162263.0	11.38	64200.0	0.07	0.0	8.88	1.14	0	8705166	1117555
sample_7	72447882.0	304.0	55995628.0	77.29	300.08	47305815.0	23056205.0	46335522.0	428953.0	4563.0	536777.0	0.68	0.05	2.46	0.04	2.06	8601668.0	11.87	90923.0	0.13	0.0	8.73	1.98	0	6325103	1434560
sample_8	95654052.0	303.0	75853448.0	79.3	299.26	61965057.0	32065719.0	60863468.0	490550.0	5677.0	605362.0	0.69	0.04	2.49	0.04	1.95	8549467.0	8.94	35397.0	0.04	0.0	11.14	0.59	0	10651606	564134
sample_9	108057854.0	308.0	84560374.0	78.25	303.57	68622278.0	33678592.0	67338586.0	572580.0	8146.0	702966.0	0.7	0.05	2.72	0.04	2.11	11043180.0	10.22	86241.0	0.08	0.0	10.48	0.97	0	11320285	1047774
