Sample	total_reads	avg_input_read_length	uniquely_mapped	uniquely_mapped_percent	avg_mapped_read_length	num_splices	num_annotated_splices	num_GTAG_splices	num_GCAG_splices	num_ATAC_splices	num_noncanonical_splices	mismatch_rate	deletion_rate	deletion_length	insertion_rate	insertion_length	multimapped	multimapped_percent	multimapped_toomany	multimapped_toomany_percent	unmapped_mismatches_percent	unmapped_tooshort_percent	unmapped_other_percent	unmapped_mismatches	unmapped_tooshort	unmapped_other
1	90268255.0	307.0	53932071.0	59.75	301.26	46098519.0	23172876.0	44905697.0	431741.0	4419.0	756662.0	1.07	0.07	2.24	0.07	1.73	15170028.0	16.81	17579.0	0.02	0.0	22.06	1.37	0	19911976	1236601
10	110581390.0	309.0	60709257.0	54.9	302.35	48983555.0	23427452.0	47460028.0	557972.0	6077.0	959478.0	1.11	0.09	2.54	0.07	2.0	19703668.0	17.82	191572.0	0.17	0.0	22.29	4.82	0	24647176	5329717
11	105228972.0	309.0	58430798.0	55.53	301.76	42031314.0	20598778.0	40856401.0	385065.0	6278.0	783570.0	1.12	0.09	2.6	0.07	2.33	18964841.0	18.02	107705.0	0.1	0.0	22.07	4.28	0	23222186	4503442
12	99436889.0	310.0	58717860.0	59.05	303.95	48611397.0	24057000.0	47337681.0	438474.0	4418.0	830824.0	1.08	0.08	2.34	0.07	1.79	16884992.0	16.98	25400.0	0.03	0.0	22.57	1.37	0	22446154	1362483
13	103900405.0	309.0	58311439.0	56.12	302.39	45639562.0	22515201.0	44330791.0	442522.0	5375.0	860874.0	1.1	0.08	2.46	0.07	1.94	17043673.0	16.4	80563.0	0.08	0.0	25.17	2.23	0	26148075	2316655
14	123588099.0	306.0	71024586.0	57.47	300.46	59332164.0	28977883.0	57765971.0	551425.0	6845.0	1007923.0	1.05	0.08	2.31	0.07	1.82	21093278.0	17.07	60410.0	0.05	0.0	23.29	2.12	0	28789249	2620576
15	101364177.0	308.0	59098331.0	58.3	301.24	48332275.0	24173394.0	46949879.0	544474.0	5102.0	832820.0	1.08	0.08	2.39	0.07	2.07	17615721.0	17.38	33919.0	0.03	0.0	22.45	1.83	0	22760866	1855340
16	100199121.0	308.0	58076882.0	57.96	302.03	45373015.0	22877618.0	44132833.0	436719.0	4482.0	798981.0	1.07	0.08	2.43	0.07	2.02	17755699.0	17.72	35119.0	0.04	0.0	22.42	1.86	0	22467482	1863939
17	106426630.0	307.0	59369394.0	55.78	301.16	49070124.0	23899947.0	47640611.0	523887.0	6360.0	899266.0	1.06	0.08	2.38	0.07	1.96	18826394.0	17.69	137656.0	0.13	0.0	22.62	3.78	0	24070753	4022433
18	92377841.0	306.0	51741190.0	56.01	300.1	43133664.0	20640595.0	41858044.0	493945.0	5527.0	776148.0	1.06	0.09	2.33	0.07	1.79	16384922.0	17.74	96885.0	0.1	0.0	22.57	3.58	0	20847986	3306858
19	82462016.0	307.0	48510686.0	58.83	301.11	41111842.0	20024471.0	39985299.0	404649.0	5733.0	716161.0	1.06	0.08	2.17	0.07	1.74	14202175.0	17.22	18872.0	0.02	0.0	22.56	1.36	0	18608494	1121789
2	90610984.0	307.0	47639594.0	52.58	300.56	39023932.0	18332652.0	37826819.0	504945.0	4863.0	687305.0	1.09	0.09	2.65	0.07	1.96	16701562.0	18.43	255962.0	0.28	0.0	21.84	6.87	0	19789022	6224844
20	85165952.0	308.0	48594663.0	57.06	301.69	39865538.0	19444967.0	38826243.0	408962.0	4564.0	625769.0	1.07	0.08	2.38	0.07	1.87	14870736.0	17.46	80223.0	0.09	0.0	23.2	2.18	0	19763265	1857065
21	86394782.0	308.0	46496776.0	53.82	300.98	35284586.0	17115906.0	34243703.0	353480.0	4082.0	683321.0	1.09	0.09	2.53	0.07	2.08	13728194.0	15.89	72154.0	0.08	0.0	28.06	2.15	0	24240327	1857331
22	85072530.0	305.0	50840951.0	59.76	299.38	41563778.0	20494558.0	40519577.0	387183.0	4231.0	652787.0	1.07	0.08	2.3	0.07	1.91	15689740.0	18.44	27766.0	0.03	0.0	20.27	1.49	0	17246335	1267738
23	84100137.0	307.0	49536550.0	58.9	301.33	42143657.0	20785053.0	41025850.0	493016.0	3918.0	620873.0	1.06	0.08	2.31	0.07	1.93	14659129.0	17.43	22541.0	0.03	0.0	22.02	1.62	0	18519451	1362466
24	95959165.0	308.0	51808369.0	53.99	300.87	39832621.0	18604070.0	38715368.0	395730.0	4690.0	716833.0	1.11	0.09	2.55	0.07	2.08	18062016.0	18.82	181428.0	0.19	0.0	22.74	4.25	0	21827832	4079520
25	97174309.0	309.0	57240896.0	58.91	302.12	47111087.0	22877485.0	45758994.0	471283.0	4609.0	876201.0	1.07	0.09	2.34	0.07	1.9	16335578.0	16.81	46198.0	0.05	0.0	22.52	1.72	0	21880481	1671156
26	94540337.0	309.0	54257019.0	57.39	302.88	43136376.0	20941310.0	41963854.0	416911.0	4546.0	751065.0	1.06	0.09	2.46	0.07	2.13	16020324.0	16.95	42980.0	0.05	0.0	23.11	2.51	0	21847171	2372843
27	95179945.0	310.0	51975891.0	54.61	303.31	41607208.0	20168635.0	40451465.0	447898.0	5364.0	702481.0	1.11	0.09	2.44	0.07	2.06	15620571.0	16.41	146596.0	0.15	0.0	24.88	3.95	0	23677757	3759130
28	82132052.0	309.0	45096155.0	54.91	302.55	37261706.0	17714058.0	36169792.0	358367.0	3827.0	729720.0	1.09	0.09	2.41	0.08	1.85	14249578.0	17.35	164159.0	0.2	0.0	22.88	4.66	0	18794300	3827860
29	86752132.0	309.0	49538944.0	57.1	302.38	38633424.0	19026790.0	37498769.0	401116.0	3680.0	729859.0	1.11	0.08	2.4	0.07	1.99	14100592.0	16.25	37278.0	0.04	0.0	24.98	1.62	0	21669979	1405339
3	93429748.0	307.0	52018191.0	55.68	300.29	43911715.0	20853815.0	42640718.0	455214.0	4903.0	810880.0	1.07	0.09	2.46	0.07	1.86	15772637.0	16.88	165594.0	0.18	0.0	23.07	4.2	0	21550041	3923285
30	87874849.0	308.0	51820121.0	58.97	302.4	42919417.0	21254003.0	41773459.0	391177.0	3507.0	751274.0	1.07	0.08	2.19	0.07	1.73	15342948.0	17.46	19577.0	0.02	0.0	22.03	1.52	0	19356655	1335548
31	93670165.0	308.0	49966981.0	53.34	301.71	39742951.0	18284956.0	38694109.0	338496.0	5298.0	705048.0	1.08	0.09	2.58	0.07	1.96	16410670.0	17.52	265246.0	0.28	0.0	23.17	5.68	0	21706128	5321140
32	95057180.0	309.0	56247088.0	59.17	302.9	45678584.0	22657572.0	44466110.0	481118.0	5441.0	725915.0	1.08	0.08	2.34	0.07	2.05	16781989.0	17.65	25625.0	0.03	0.0	21.63	1.51	0	20566707	1435771
33	94977388.0	310.0	54056202.0	56.91	303.12	43936927.0	21988353.0	42647616.0	437643.0	4099.0	847569.0	1.11	0.08	2.24	0.08	1.91	16232092.0	17.09	62575.0	0.07	0.0	24.07	1.86	0	22860020	1766499
34	90975920.0	310.0	46775023.0	51.41	302.76	37815897.0	18928485.0	36716133.0	402608.0	4175.0	692981.0	1.11	0.09	2.48	0.07	2.08	13616933.0	14.97	72287.0	0.08	0.0	31.57	1.97	0	28719548	1792129
35	95852395.0	310.0	52836616.0	55.12	302.91	41451192.0	20400388.0	40335827.0	417637.0	5162.0	692566.0	1.12	0.09	2.63	0.07	2.07	17138463.0	17.88	119348.0	0.12	0.0	23.64	3.23	0	22661644	3096324
36	84577477.0	309.0	45074089.0	53.29	301.92	37094394.0	17889615.0	36140714.0	313645.0	3457.0	636578.0	1.11	0.08	2.33	0.08	1.94	14265638.0	16.87	47429.0	0.06	0.0	25.37	4.42	0	21452784	3737537
37	82302493.0	310.0	45604928.0	55.41	303.14	36307239.0	17632019.0	35259881.0	358598.0	4421.0	684339.0	1.11	0.08	2.47	0.07	2.07	14946317.0	18.16	162080.0	0.2	0.0	21.64	4.59	0	17811269	3777899
38	90491855.0	309.0	52087378.0	57.56	302.21	41929598.0	20707159.0	40766630.0	379721.0	4026.0	779221.0	1.09	0.09	2.41	0.07	2.06	15544021.0	17.18	28474.0	0.03	0.0	23.58	1.66	0	21330354	1501628
39	93048886.0	309.0	54964814.0	59.07	302.87	46860502.0	23298868.0	45593572.0	480659.0	4167.0	782104.0	1.08	0.08	2.31	0.07	1.83	15799062.0	16.98	19475.0	0.02	0.0	22.65	1.28	0	21074566	1190969
4	84355948.0	310.0	34861676.0	41.33	303.54	27566848.0	12971276.0	26784260.0	285628.0	3969.0	492991.0	1.08	0.1	2.72	0.07	2.03	11292290.0	13.39	184996.0	0.22	0.0	40.19	4.88	0	33900658	4116328
40	101119697.0	309.0	60606366.0	59.94	302.9	51866448.0	24636969.0	50527009.0	504874.0	4658.0	829907.0	1.07	0.08	2.3	0.07	1.82	17400879.0	17.21	24644.0	0.02	0.0	21.34	1.49	0	21580982	1506826
41	94112091.0	308.0	56139164.0	59.65	302.29	46438990.0	22681980.0	45271286.0	396868.0	4544.0	766292.0	1.07	0.08	2.31	0.07	1.92	16572650.0	17.61	24443.0	0.03	0.0	21.1	1.61	0	19860418	1515416
42	101991150.0	309.0	58814183.0	57.67	303.18	47021123.0	23931836.0	45792331.0	509731.0	4724.0	714337.0	1.07	0.07	2.28	0.06	1.89	17921339.0	17.57	25086.0	0.02	0.0	23.26	1.48	0	23721197	1509345
43	81217438.0	309.0	47787816.0	58.84	302.9	40632270.0	19540431.0	39589545.0	358724.0	4160.0	679841.0	1.08	0.08	2.36	0.07	1.93	14215317.0	17.5	26068.0	0.03	0.0	21.64	1.99	0	17572300	1615937
44	160598293.0	309.0	92876151.0	57.83	302.69	74394760.0	38079913.0	72445777.0	703227.0	7819.0	1237937.0	1.07	0.08	2.22	0.07	1.8	27111106.0	16.88	41225.0	0.03	0.0	23.54	1.72	0	37807338	2762473
45	1880103.0	310.0	1086014.0	57.76	303.08	921134.0	454469.0	894754.0	11011.0	81.0	15288.0	1.09	0.09	2.53	0.07	1.89	312144.0	16.6	1141.0	0.06	0.0	23.03	2.54	0	433043	47761
46	85608161.0	309.0	50568160.0	59.07	302.87	41584953.0	19629209.0	40562541.0	405220.0	4275.0	612917.0	1.07	0.09	2.48	0.07	1.97	14810000.0	17.3	27304.0	0.03	0.0	21.91	1.68	0	18763929	1438768
47	100109672.0	309.0	56708738.0	56.65	301.94	48027157.0	23125792.0	46718224.0	483080.0	4690.0	821163.0	1.08	0.08	2.42	0.07	1.93	17241093.0	17.22	57016.0	0.06	0.0	24.14	1.93	0	24170395	1932430
48	87479564.0	309.0	51241867.0	58.58	302.52	42145864.0	20965285.0	41068386.0	414466.0	4233.0	658779.0	1.09	0.08	2.35	0.07	1.94	14952365.0	17.09	34705.0	0.04	0.0	22.67	1.62	0	19833335	1417292
49	96920419.0	306.0	54902056.0	56.65	299.57	48327383.0	22990763.0	46922864.0	526922.0	5465.0	872132.0	1.03	0.09	2.29	0.08	1.8	16101247.0	16.61	136823.0	0.14	0.0	23.23	3.37	0	22514143	3266150
5	76991790.0	307.0	45106792.0	58.59	301.25	35964162.0	18162036.0	35025198.0	336900.0	4063.0	598001.0	1.08	0.08	2.33	0.07	1.92	13345977.0	17.33	18526.0	0.02	0.0	22.27	1.79	0	17142619	1377876
50	99525856.0	305.0	56991686.0	57.26	298.75	48209099.0	22582965.0	47021423.0	425316.0	5154.0	757206.0	1.05	0.08	2.38	0.08	1.71	17777784.0	17.86	82647.0	0.08	0.0	22.8	2.0	0	22683921	1989818
51	109193305.0	306.0	59782353.0	54.75	299.71	51466928.0	25720416.0	50159416.0	445318.0	5244.0	856950.0	1.04	0.08	2.18	0.07	1.87	18214780.0	16.68	29657.0	0.03	0.0	26.91	1.64	0	29376214	1790301
52	95558815.0	305.0	54909470.0	57.46	299.2	46731279.0	21862603.0	45405865.0	444659.0	4740.0	876015.0	1.04	0.09	2.34	0.08	1.8	15973235.0	16.72	32339.0	0.03	0.0	23.93	1.86	0	22866438	1777333
53	136143560.0	306.0	74667791.0	54.84	299.98	60231329.0	28858988.0	58578107.0	594100.0	7126.0	1051996.0	1.06	0.09	2.42	0.07	1.89	24988815.0	18.35	270112.0	0.2	0.0	21.39	5.22	0	29112298	7104544
54	132575109.0	304.0	77869280.0	58.74	298.37	62393956.0	30921252.0	60817969.0	570889.0	8108.0	996990.0	1.05	0.08	2.36	0.07	1.98	23547787.0	17.76	56789.0	0.04	0.0	21.77	1.69	0	28860796	2240457
55	101892079.0	303.0	60211848.0	59.09	297.5	49633789.0	24138829.0	48356950.0	484834.0	5121.0	786884.0	1.04	0.08	2.36	0.07	1.79	17689518.0	17.36	31388.0	0.03	0.0	21.95	1.57	0	22359999	1599326
56	118476384.0	303.0	70023138.0	59.1	297.7	55316556.0	27415478.0	53841020.0	526004.0	5805.0	943727.0	1.05	0.08	2.29	0.07	1.98	21983019.0	18.55	38206.0	0.03	0.0	20.76	1.55	0	24595641	1836380
57	95046374.0	309.0	55564409.0	58.46	302.29	46015297.0	21985285.0	44632457.0	505112.0	5375.0	872353.0	1.07	0.09	2.37	0.07	1.92	16086097.0	16.92	24842.0	0.03	0.0	22.57	2.02	0	21451161	1919865
58	96136548.0	302.0	56476582.0	58.75	296.79	44812650.0	21883634.0	43681323.0	441204.0	4662.0	685461.0	1.04	0.08	2.38	0.07	1.97	17263788.0	17.96	29508.0	0.03	0.0	20.97	2.3	0	20155955	2210715
59	99549708.0	306.0	54194166.0	54.44	300.21	42831159.0	20976496.0	41602598.0	479729.0	5759.0	743073.0	1.08	0.09	2.46	0.07	2.02	18540596.0	18.62	241387.0	0.24	0.0	21.23	5.46	0	21137379	5436180
6	71772930.0	306.0	42309712.0	58.95	300.47	35246517.0	17593352.0	34269396.0	357972.0	2785.0	616364.0	1.07	0.08	2.25	0.07	1.78	12488709.0	17.4	26612.0	0.04	0.0	21.97	1.65	0	15763984	1183913
60	115345095.0	305.0	63621846.0	55.16	299.39	52991536.0	25440575.0	51408466.0	552616.0	6675.0	1023779.0	1.06	0.09	2.31	0.08	1.8	20808801.0	18.04	63154.0	0.05	0.0	22.69	4.05	0	26178604	4672690
61	138659192.0	306.0	76435005.0	55.12	299.41	59011073.0	28922554.0	57318290.0	555760.0	6252.0	1130771.0	1.11	0.09	2.51	0.07	2.16	24228777.0	17.47	158817.0	0.11	0.0	24.7	2.59	0	34245652	3590941
62	174069377.0	307.0	95023133.0	54.59	300.61	76874585.0	38474141.0	74670344.0	831565.0	7859.0	1364817.0	1.08	0.08	2.35	0.07	1.89	29622436.0	17.02	154670.0	0.09	0.0	25.69	2.61	0	44725235	4543903
63	98082908.0	305.0	54881895.0	55.95	298.96	44822114.0	21688047.0	43520270.0	474538.0	5705.0	821601.0	1.08	0.09	2.35	0.07	2.0	17379693.0	17.72	92874.0	0.09	0.0	23.19	3.04	0	22746575	2981871
7	72447848.0	304.0	38385935.0	52.98	298.53	32686877.0	15517195.0	31691270.0	396366.0	4177.0	595064.0	1.07	0.09	2.42	0.07	1.97	11820095.0	16.32	146810.0	0.2	0.0	24.9	5.6	0	18038220	4056788
8	95654026.0	303.0	53730201.0	56.17	297.37	43888342.0	21995799.0	42647868.0	413325.0	3929.0	823220.0	1.08	0.08	2.3	0.07	1.94	16260415.0	17.0	42587.0	0.04	0.0	25.17	1.61	0	24080512	1540311
9	108057849.0	308.0	60403057.0	55.9	301.46	48105599.0	22857075.0	46581483.0	505308.0	6063.0	1012745.0	1.12	0.09	2.52	0.08	2.0	18160209.0	16.81	94742.0	0.09	0.0	24.84	2.37	0	26839105	2560736
