	13.0	14.0	15.0	16.0	17.0	18.0	19.0	20.0	21.0	22.0	23.0	24.0	25.0	26.0	27.0	28.0	29.0	30.0	31.0	32.0	33.0	34.0	35.0	36.0	37.0
5010_10_S10_L003_R1_001	39.0	254.0	1312.0	3141.0	6293.0	12042.0	22265.0	37425.0	62527.0	95242.0	140492.0	192041.0	256068.0	324192.0	419702.0	542648.0	698038.0	850138.0	1057195.0	1303245.0	1712804.0	2407845.0	4884890.0	32883838.0	7495285.0
	10.0	11.0	12.0	13.0	14.0	15.0	16.0	17.0	18.0	19.0	20.0	21.0	22.0	23.0	24.0	25.0	26.0	27.0	28.0	29.0	30.0	31.0	32.0	33.0	34.0	35.0	36.0	37.0
5010_10_S10_L003_R2_001	1.0	103.0	3157.0	15208.0	22644.0	23248.0	21846.0	24522.0	32446.0	51164.0	81202.0	124941.0	174409.0	232981.0	288527.0	353753.0	413138.0	489171.0	562291.0	664971.0	778279.0	968583.0	1244876.0	1792810.0	2905133.0	7088544.0	32871532.0	4179481.0
	13.0	14.0	15.0	16.0	17.0	18.0	19.0	20.0	21.0	22.0	23.0	24.0	25.0	26.0	27.0	28.0	29.0	30.0	31.0	32.0	33.0	34.0	35.0	36.0	37.0
5010_11_S11_L003_R1_001	29.0	268.0	1451.0	3732.0	7260.0	13096.0	23985.0	38846.0	62416.0	93755.0	136967.0	185566.0	244151.0	307541.0	400307.0	513918.0	669298.0	817033.0	1016960.0	1249376.0	1640694.0	2306158.0	4650981.0	30223015.0	6954608.0
	10.0	11.0	12.0	13.0	14.0	15.0	16.0	17.0	18.0	19.0	20.0	21.0	22.0	23.0	24.0	25.0	26.0	27.0	28.0	29.0	30.0	31.0	32.0	33.0	34.0	35.0	36.0	37.0
5010_11_S11_L003_R2_001	1.0	90.0	3150.0	15282.0	23828.0	24744.0	23135.0	25306.0	32243.0	48940.0	75689.0	116358.0	163909.0	221717.0	277012.0	339297.0	395840.0	466742.0	536939.0	628760.0	726059.0	890500.0	1131786.0	1614629.0	2591165.0	6328608.0	30768087.0	4091595.0
	13.0	14.0	15.0	16.0	17.0	18.0	19.0	20.0	21.0	22.0	23.0	24.0	25.0	26.0	27.0	28.0	29.0	30.0	31.0	32.0	33.0	34.0	35.0	36.0	37.0
5010_12_S12_L003_R1_001	30.0	262.0	1266.0	3195.0	5774.0	10590.0	18880.0	31357.0	48609.0	67847.0	94044.0	123275.0	166842.0	223361.0	305198.0	403844.0	541202.0	691038.0	882185.0	1096252.0	1454161.0	2046602.0	4142745.0	29937059.0	7405021.0
	11.0	12.0	13.0	14.0	15.0	16.0	17.0	18.0	19.0	20.0	21.0	22.0	23.0	24.0	25.0	26.0	27.0	28.0	29.0	30.0	31.0	32.0	33.0	34.0	35.0	36.0	37.0
5010_12_S12_L003_R2_001	133.0	5128.0	21767.0	28662.0	26360.0	23721.0	24680.0	30646.0	45511.0	67931.0	101390.0	140322.0	187472.0	237094.0	298464.0	358646.0	429797.0	494431.0	579121.0	676951.0	845499.0	1091669.0	1581565.0	2571307.0	6332811.0	29755282.0	3744279.0
	12.0	13.0	14.0	15.0	16.0	17.0	18.0	19.0	20.0	21.0	22.0	23.0	24.0	25.0	26.0	27.0	28.0	29.0	30.0	31.0	32.0	33.0	34.0	35.0	36.0	37.0
5010_13_S13_L003_R1_001	1.0	41.0	243.0	1282.0	3276.0	6229.0	10923.0	19423.0	32685.0	51808.0	74973.0	106690.0	139605.0	187827.0	246011.0	335363.0	443002.0	590293.0	747198.0	948521.0	1177506.0	1565305.0	2215652.0	4500679.0	31270397.0	7286988.0
	10.0	11.0	12.0	13.0	14.0	15.0	16.0	17.0	18.0	19.0	20.0	21.0	22.0	23.0	24.0	25.0	26.0	27.0	28.0	29.0	30.0	31.0	32.0	33.0	34.0	35.0	36.0	37.0
5010_13_S13_L003_R2_001	1.0	93.0	3187.0	14634.0	20944.0	20788.0	19076.0	21093.0	27199.0	41241.0	65178.0	99949.0	141538.0	194343.0	247083.0	309414.0	368108.0	440955.0	509272.0	595881.0	689658.0	855561.0	1098676.0	1584944.0	2565063.0	6302166.0	31371703.0	4354173.0
	13.0	14.0	15.0	16.0	17.0	18.0	19.0	20.0	21.0	22.0	23.0	24.0	25.0	26.0	27.0	28.0	29.0	30.0	31.0	32.0	33.0	34.0	35.0	36.0	37.0
5010_14_S14_L003_R1_001	31.0	279.0	1192.0	2964.0	6079.0	11673.0	21835.0	36391.0	57778.0	83286.0	117051.0	154335.0	210154.0	282804.0	390035.0	518708.0	694446.0	880990.0	1118486.0	1387351.0	1836144.0	2568061.0	5076406.0	36522346.0	9763572.0
	11.0	12.0	13.0	14.0	15.0	16.0	17.0	18.0	19.0	20.0	21.0	22.0	23.0	24.0	25.0	26.0	27.0	28.0	29.0	30.0	31.0	32.0	33.0	34.0	35.0	36.0	37.0
5010_14_S14_L003_R2_001	101.0	3578.0	18298.0	27725.0	27130.0	24561.0	24967.0	30125.0	43616.0	67527.0	102487.0	141970.0	193060.0	246868.0	312613.0	377315.0	456469.0	535722.0	639855.0	754886.0	946462.0	1224934.0	1772734.0	2888108.0	7208919.0	38098423.0	5573944.0
	13.0	14.0	15.0	16.0	17.0	18.0	19.0	20.0	21.0	22.0	23.0	24.0	25.0	26.0	27.0	28.0	29.0	30.0	31.0	32.0	33.0	34.0	35.0	36.0	37.0
5010_15_S15_L003_R1_001	25.0	273.0	1307.0	3158.0	6039.0	11160.0	19251.0	31103.0	49069.0	69527.0	98692.0	130565.0	176367.0	233367.0	318536.0	422044.0	564587.0	719235.0	915531.0	1140301.0	1513642.0	2124710.0	4267717.0	30582042.0	7637397.0
	11.0	12.0	13.0	14.0	15.0	16.0	17.0	18.0	19.0	20.0	21.0	22.0	23.0	24.0	25.0	26.0	27.0	28.0	29.0	30.0	31.0	32.0	33.0	34.0	35.0	36.0	37.0
5010_15_S15_L003_R2_001	69.0	2599.0	12941.0	20698.0	21924.0	21448.0	23562.0	30474.0	45946.0	70128.0	106280.0	145382.0	191889.0	239138.0	296369.0	352489.0	422089.0	490155.0	579233.0	675263.0	841354.0	1084862.0	1568575.0	2549640.0	6288436.0	30838668.0	4116034.0
	13.0	14.0	15.0	16.0	17.0	18.0	19.0	20.0	21.0	22.0	23.0	24.0	25.0	26.0	27.0	28.0	29.0	30.0	31.0	32.0	33.0	34.0	35.0	36.0	37.0
5010_16_S16_L003_R1_001	34.0	313.0	1417.0	3357.0	6010.0	10795.0	18566.0	29015.0	45191.0	65041.0	94030.0	126401.0	173369.0	232331.0	317277.0	419407.0	562092.0	715410.0	913557.0	1136157.0	1514433.0	2128552.0	4291468.0	30110554.0	7389083.0
	10.0	11.0	12.0	13.0	14.0	15.0	16.0	17.0	18.0	19.0	20.0	21.0	22.0	23.0	24.0	25.0	26.0	27.0	28.0	29.0	30.0	31.0	32.0	33.0	34.0	35.0	36.0	37.0
5010_16_S16_L003_R2_001	1.0	54.0	2162.0	12229.0	20726.0	22407.0	21627.0	23320.0	28989.0	42231.0	62983.0	95393.0	130978.0	176777.0	224526.0	285120.0	344544.0	421173.0	492391.0	579822.0	674181.0	838664.0	1080244.0	1575885.0	2584055.0	6456215.0	30331949.0	3775214.0
	13.0	14.0	15.0	16.0	17.0	18.0	19.0	20.0	21.0	22.0	23.0	24.0	25.0	26.0	27.0	28.0	29.0	30.0	31.0	32.0	33.0	34.0	35.0	36.0	37.0
5010_17_S17_L003_R1_001	17.0	247.0	1299.0	3069.0	5766.0	10914.0	19754.0	31893.0	51854.0	79170.0	116493.0	156687.0	213147.0	280845.0	376567.0	494859.0	651433.0	802189.0	998403.0	1226421.0	1614423.0	2268098.0	4555673.0	31549372.0	7526620.0
	10.0	11.0	12.0	13.0	14.0	15.0	16.0	17.0	18.0	19.0	20.0	21.0	22.0	23.0	24.0	25.0	26.0	27.0	28.0	29.0	30.0	31.0	32.0	33.0	34.0	35.0	36.0	37.0
5010_17_S17_L003_R2_001	2.0	131.0	3954.0	17667.0	25159.0	24238.0	22131.0	23608.0	29617.0	43806.0	67114.0	100793.0	139238.0	187848.0	237673.0	297792.0	353321.0	423468.0	493396.0	592613.0	703653.0	882968.0	1138124.0	1646287.0	2670711.0	6562472.0	32022221.0	4325208.0
	13.0	14.0	15.0	16.0	17.0	18.0	19.0	20.0	21.0	22.0	23.0	24.0	25.0	26.0	27.0	28.0	29.0	30.0	31.0	32.0	33.0	34.0	35.0	36.0	37.0
5010_18_S18_L003_R1_001	29.0	263.0	1233.0	2899.0	5690.0	9981.0	17883.0	29390.0	46511.0	68245.0	96990.0	130041.0	179545.0	238042.0	321254.0	420991.0	555301.0	691992.0	866144.0	1064171.0	1402818.0	1966117.0	3929420.0	27132997.0	6680007.0
	11.0	12.0	13.0	14.0	15.0	16.0	17.0	18.0	19.0	20.0	21.0	22.0	23.0	24.0	25.0	26.0	27.0	28.0	29.0	30.0	31.0	32.0	33.0	34.0	35.0	36.0	37.0
5010_18_S18_L003_R2_001	108.0	4110.0	19405.0	27604.0	26756.0	23452.0	23826.0	28815.0	41753.0	63675.0	95166.0	128741.0	166773.0	205303.0	251855.0	296249.0	353428.0	411164.0	486508.0	566793.0	699448.0	893691.0	1285727.0	2074091.0	5133687.0	28229453.0	4320373.0
	13.0	14.0	15.0	16.0	17.0	18.0	19.0	20.0	21.0	22.0	23.0	24.0	25.0	26.0	27.0	28.0	29.0	30.0	31.0	32.0	33.0	34.0	35.0	36.0	37.0
5010_19_S19_L003_R1_001	25.0	249.0	1219.0	2643.0	4595.0	8230.0	14586.0	23321.0	36713.0	50680.0	71665.0	95491.0	132240.0	176812.0	245532.0	328271.0	441865.0	565001.0	721745.0	897831.0	1197250.0	1689008.0	3396370.0	24753148.0	6228530.0
	11.0	12.0	13.0	14.0	15.0	16.0	17.0	18.0	19.0	20.0	21.0	22.0	23.0	24.0	25.0	26.0	27.0	28.0	29.0	30.0	31.0	32.0	33.0	34.0	35.0	36.0	37.0
5010_19_S19_L003_R2_001	62.0	2143.0	11340.0	18064.0	18773.0	17448.0	18757.0	23782.0	36472.0	56207.0	84497.0	113874.0	149053.0	187033.0	233081.0	278067.0	337521.0	392053.0	467247.0	545908.0	685523.0	888783.0	1291625.0	2110860.0	5187572.0	24705253.0	3222022.0
	13.0	14.0	15.0	16.0	17.0	18.0	19.0	20.0	21.0	22.0	23.0	24.0	25.0	26.0	27.0	28.0	29.0	30.0	31.0	32.0	33.0	34.0	35.0	36.0	37.0
5010_1_S1_L003_R1_001	15.0	292.0	1143.0	2739.0	5291.0	9444.0	16124.0	26235.0	40108.0	57393.0	80159.0	105570.0	144725.0	194038.0	268414.0	358800.0	480517.0	611803.0	783296.0	971748.0	1290991.0	1817476.0	3657735.0	27002455.0	6953230.0
	10.0	11.0	12.0	13.0	14.0	15.0	16.0	17.0	18.0	19.0	20.0	21.0	22.0	23.0	24.0	25.0	26.0	27.0	28.0	29.0	30.0	31.0	32.0	33.0	34.0	35.0	36.0	37.0
5010_1_S1_L003_R2_001	1.0	71.0	2941.0	15293.0	24433.0	25756.0	23241.0	24280.0	30514.0	45370.0	69805.0	103065.0	136443.0	175945.0	216214.0	270402.0	322465.0	391315.0	449353.0	521319.0	601506.0	750785.0	970109.0	1398810.0	2258904.0	5508004.0	26890418.0	3652979.0
	12.0	13.0	14.0	15.0	16.0	17.0	18.0	19.0	20.0	21.0	22.0	23.0	24.0	25.0	26.0	27.0	28.0	29.0	30.0	31.0	32.0	33.0	34.0	35.0	36.0	37.0
5010_20_S20_L003_R1_001	2.0	20.0	202.0	1072.0	2737.0	5032.0	8902.0	16088.0	26539.0	42262.0	60944.0	86113.0	114162.0	155227.0	205583.0	280014.0	367870.0	487277.0	614757.0	775596.0	958405.0	1268891.0	1778240.0	3552196.0	25278734.0	6495543.0
	10.0	11.0	12.0	13.0	14.0	15.0	16.0	17.0	18.0	19.0	20.0	21.0	22.0	23.0	24.0	25.0	26.0	27.0	28.0	29.0	30.0	31.0	32.0	33.0	34.0	35.0	36.0	37.0
5010_20_S20_L003_R2_001	2.0	129.0	4666.0	18152.0	23362.0	21830.0	19601.0	21015.0	25886.0	37161.0	56269.0	83759.0	115897.0	155665.0	195938.0	244053.0	287395.0	343180.0	398546.0	469622.0	553162.0	689910.0	885386.0	1277160.0	2072907.0	5131232.0	25846665.0	3603858.0
	13.0	14.0	15.0	16.0	17.0	18.0	19.0	20.0	21.0	22.0	23.0	24.0	25.0	26.0	27.0	28.0	29.0	30.0	31.0	32.0	33.0	34.0	35.0	36.0	37.0
5010_21_S21_L003_R1_001	23.0	228.0	1351.0	3414.0	5903.0	10185.0	17795.0	28512.0	44806.0	65492.0	93886.0	125416.0	169309.0	223405.0	300373.0	392670.0	519331.0	651509.0	824070.0	1015102.0	1339454.0	1874445.0	3716398.0	25210712.0	6170465.0
	10.0	11.0	12.0	13.0	14.0	15.0	16.0	17.0	18.0	19.0	20.0	21.0	22.0	23.0	24.0	25.0	26.0	27.0	28.0	29.0	30.0	31.0	32.0	33.0	34.0	35.0	36.0	37.0
5010_21_S21_L003_R2_001	2.0	83.0	3300.0	15320.0	22996.0	23105.0	21586.0	22903.0	28213.0	41134.0	62255.0	92635.0	125543.0	166109.0	207381.0	255619.0	301235.0	358716.0	417070.0	496678.0	579003.0	717649.0	916697.0	1304916.0	2081203.0	5055723.0	25683109.0	3804071.0
	13.0	14.0	15.0	16.0	17.0	18.0	19.0	20.0	21.0	22.0	23.0	24.0	25.0	26.0	27.0	28.0	29.0	30.0	31.0	32.0	33.0	34.0	35.0	36.0	37.0
5010_22_S22_L003_R1_001	22.0	240.0	1104.0	2730.0	4833.0	8217.0	14227.0	23185.0	36325.0	51965.0	74881.0	101621.0	142308.0	191941.0	263379.0	350261.0	469808.0	596863.0	760587.0	948167.0	1264363.0	1778094.0	3570217.0	25546018.0	6404290.0
	10.0	11.0	12.0	13.0	14.0	15.0	16.0	17.0	18.0	19.0	20.0	21.0	22.0	23.0	24.0	25.0	26.0	27.0	28.0	29.0	30.0	31.0	32.0	33.0	34.0	35.0	36.0	37.0
5010_22_S22_L003_R2_001	2.0	84.0	3731.0	16811.0	23447.0	22033.0	19444.0	19916.0	24063.0	36078.0	54864.0	82506.0	112734.0	148681.0	187282.0	234426.0	279553.0	339406.0	391750.0	464165.0	548384.0	687743.0	890109.0	1293700.0	2108883.0	5216465.0	25804032.0	3595354.0
	13.0	14.0	15.0	16.0	17.0	18.0	19.0	20.0	21.0	22.0	23.0	24.0	25.0	26.0	27.0	28.0	29.0	30.0	31.0	32.0	33.0	34.0	35.0	36.0	37.0
5010_23_S23_L003_R1_001	17.0	186.0	1105.0	2825.0	5276.0	9418.0	16629.0	26060.0	39967.0	55447.0	75630.0	98431.0	133640.0	178809.0	248855.0	335832.0	452880.0	580531.0	743192.0	927712.0	1233283.0	1741925.0	3524074.0	25100580.0	6075636.0
	10.0	11.0	12.0	13.0	14.0	15.0	16.0	17.0	18.0	19.0	20.0	21.0	22.0	23.0	24.0	25.0	26.0	27.0	28.0	29.0	30.0	31.0	32.0	33.0	34.0	35.0	36.0	37.0
5010_23_S23_L003_R2_001	1.0	87.0	3061.0	14004.0	20226.0	19908.0	18377.0	20114.0	25875.0	40533.0	61658.0	92390.0	121370.0	153683.0	185316.0	226077.0	268098.0	323035.0	376326.0	447581.0	526783.0	661356.0	859402.0	1250166.0	2041072.0	5049909.0	25283445.0	3518087.0
	13.0	14.0	15.0	16.0	17.0	18.0	19.0	20.0	21.0	22.0	23.0	24.0	25.0	26.0	27.0	28.0	29.0	30.0	31.0	32.0	33.0	34.0	35.0	36.0	37.0
5010_24_S24_L003_R1_001	34.0	276.0	1676.0	3889.0	6245.0	11938.0	21616.0	34908.0	55183.0	81167.0	118408.0	160985.0	218777.0	283899.0	374030.0	484161.0	630418.0	766168.0	939982.0	1149093.0	1500935.0	2082549.0	4082020.0	27797589.0	7091499.0
	10.0	11.0	12.0	13.0	14.0	15.0	16.0	17.0	18.0	19.0	20.0	21.0	22.0	23.0	24.0	25.0	26.0	27.0	28.0	29.0	30.0	31.0	32.0	33.0	34.0	35.0	36.0	37.0
5010_24_S24_L003_R2_001	2.0	86.0	2224.0	12053.0	20779.0	23473.0	22556.0	24388.0	30154.0	43889.0	67045.0	101624.0	140348.0	187476.0	237736.0	295708.0	350570.0	419201.0	486453.0	578420.0	678708.0	844662.0	1081133.0	1549310.0	2485902.0	6025734.0	28451003.0	3736808.0
	12.0	13.0	14.0	15.0	16.0	17.0	18.0	19.0	20.0	21.0	22.0	23.0	24.0	25.0	26.0	27.0	28.0	29.0	30.0	31.0	32.0	33.0	34.0	35.0	36.0	37.0
5010_25_S25_L003_R1_001	1.0	41.0	317.0	1723.0	4304.0	7353.0	12617.0	21244.0	34180.0	53180.0	74963.0	104579.0	137905.0	182862.0	239671.0	320297.0	417230.0	554002.0	696159.0	881220.0	1091659.0	1443809.0	2027985.0	4075598.0	28803535.0	6993342.0
	10.0	11.0	12.0	13.0	14.0	15.0	16.0	17.0	18.0	19.0	20.0	21.0	22.0	23.0	24.0	25.0	26.0	27.0	28.0	29.0	30.0	31.0	32.0	33.0	34.0	35.0	36.0	37.0
5010_25_S25_L003_R2_001	1.0	151.0	4988.0	18988.0	24704.0	23841.0	22569.0	25524.0	32940.0	48901.0	73458.0	108954.0	147752.0	195866.0	243399.0	301799.0	353690.0	422066.0	484386.0	568388.0	664719.0	820139.0	1049094.0	1510031.0	2439147.0	5996399.0	28793486.0	3804396.0
	13.0	14.0	15.0	16.0	17.0	18.0	19.0	20.0	21.0	22.0	23.0	24.0	25.0	26.0	27.0	28.0	29.0	30.0	31.0	32.0	33.0	34.0	35.0	36.0	37.0
5010_26_S26_L003_R1_001	39.0	313.0	2178.0	4531.0	6428.0	9837.0	17066.0	27049.0	43345.0	64136.0	92266.0	124209.0	168477.0	222132.0	297355.0	388497.0	518346.0	659732.0	841763.0	1046860.0	1394534.0	1964835.0	3974142.0	28056447.0	6603979.0
	11.0	12.0	13.0	14.0	15.0	16.0	17.0	18.0	19.0	20.0	21.0	22.0	23.0	24.0	25.0	26.0	27.0	28.0	29.0	30.0	31.0	32.0	33.0	34.0	35.0	36.0	37.0
5010_26_S26_L003_R2_001	50.0	1550.0	8827.0	16746.0	19956.0	20999.0	23734.0	31229.0	47820.0	73316.0	109659.0	145871.0	188795.0	232753.0	286771.0	339060.0	403732.0	468868.0	557186.0	657258.0	822391.0	1066217.0	1551961.0	2516024.0	6179601.0	27571899.0	3186223.0
	12.0	13.0	14.0	15.0	16.0	17.0	18.0	19.0	20.0	21.0	22.0	23.0	24.0	25.0	26.0	27.0	28.0	29.0	30.0	31.0	32.0	33.0	34.0	35.0	36.0	37.0
5010_27_S27_L003_R1_001	1.0	24.0	251.0	1502.0	3497.0	5934.0	9979.0	17632.0	28662.0	47398.0	71799.0	107560.0	149072.0	207218.0	266974.0	349607.0	442676.0	572738.0	707534.0	887166.0	1087160.0	1426025.0	1987178.0	3972200.0	28020078.0	7070711.0
	11.0	12.0	13.0	14.0	15.0	16.0	17.0	18.0	19.0	20.0	21.0	22.0	23.0	24.0	25.0	26.0	27.0	28.0	29.0	30.0	31.0	32.0	33.0	34.0	35.0	36.0	37.0
5010_27_S27_L003_R2_001	114.0	2890.0	13745.0	21540.0	21977.0	20594.0	22609.0	29125.0	44103.0	68026.0	105296.0	147383.0	201581.0	256890.0	319605.0	376933.0	444569.0	512684.0	606679.0	709965.0	883149.0	1132361.0	1630692.0	2624103.0	6366894.0	27684339.0	3192730.0
	13.0	14.0	15.0	16.0	17.0	18.0	19.0	20.0	21.0	22.0	23.0	24.0	25.0	26.0	27.0	28.0	29.0	30.0	31.0	32.0	33.0	34.0	35.0	36.0	37.0
5010_28_S28_L003_R1_001	18.0	197.0	879.0	2240.0	4191.0	7782.0	13843.0	23571.0	38763.0	59260.0	86665.0	117699.0	160368.0	210027.0	279919.0	364970.0	479124.0	600880.0	762157.0	943964.0	1246866.0	1752278.0	3536521.0	24542838.0	5796587.0
	10.0	11.0	12.0	13.0	14.0	15.0	16.0	17.0	18.0	19.0	20.0	21.0	22.0	23.0	24.0	25.0	26.0	27.0	28.0	29.0	30.0	31.0	32.0	33.0	34.0	35.0	36.0	37.0
5010_28_S28_L003_R2_001	1.0	87.0	2588.0	11174.0	16566.0	16021.0	15175.0	16879.0	21967.0	34649.0	55429.0	85817.0	117518.0	158418.0	197213.0	245877.0	290202.0	346967.0	404056.0	480613.0	564248.0	704627.0	906086.0	1307278.0	2120972.0	5236929.0	24588656.0	3085594.0
	12.0	13.0	14.0	15.0	16.0	17.0	18.0	19.0	20.0	21.0	22.0	23.0	24.0	25.0	26.0	27.0	28.0	29.0	30.0	31.0	32.0	33.0	34.0	35.0	36.0	37.0
5010_29_S29_L003_R1_001	1.0	18.0	214.0	1320.0	3336.0	5844.0	10561.0	17950.0	28892.0	44846.0	63402.0	90842.0	121684.0	163937.0	214870.0	290250.0	378040.0	498941.0	628999.0	794190.0	984939.0	1307765.0	1840041.0	3714450.0	25663906.0	6062778.0
	11.0	12.0	13.0	14.0	15.0	16.0	17.0	18.0	19.0	20.0	21.0	22.0	23.0	24.0	25.0	26.0	27.0	28.0	29.0	30.0	31.0	32.0	33.0	34.0	35.0	36.0	37.0
5010_29_S29_L003_R2_001	57.0	2355.0	11516.0	18463.0	19469.0	19214.0	21848.0	28839.0	44214.0	68311.0	102718.0	140247.0	186791.0	232533.0	288428.0	340727.0	409940.0	471970.0	550494.0	636636.0	784512.0	998991.0	1427077.0	2296794.0	5557438.0	25084985.0	3187449.0
	13.0	14.0	15.0	16.0	17.0	18.0	19.0	20.0	21.0	22.0	23.0	24.0	25.0	26.0	27.0	28.0	29.0	30.0	31.0	32.0	33.0	34.0	35.0	36.0	37.0
5010_2_S2_L003_R1_001	31.0	192.0	1189.0	2998.0	5549.0	10208.0	18431.0	30618.0	51141.0	79321.0	117950.0	163616.0	222862.0	285039.0	366559.0	465726.0	591490.0	712264.0	873398.0	1065681.0	1386342.0	1918781.0	3774953.0	25977634.0	6786648.0
	10.0	11.0	12.0	13.0	14.0	15.0	16.0	17.0	18.0	19.0	20.0	21.0	22.0	23.0	24.0	25.0	26.0	27.0	28.0	29.0	30.0	31.0	32.0	33.0	34.0	35.0	36.0	37.0
5010_2_S2_L003_R2_001	2.0	104.0	3614.0	17830.0	26531.0	25999.0	23347.0	23859.0	28331.0	40617.0	61091.0	90762.0	122700.0	162484.0	203612.0	251125.0	296734.0	355650.0	413617.0	494337.0	585522.0	729216.0	938712.0	1348963.0	2173322.0	5339395.0	27289406.0	3861739.0
	13.0	14.0	15.0	16.0	17.0	18.0	19.0	20.0	21.0	22.0	23.0	24.0	25.0	26.0	27.0	28.0	29.0	30.0	31.0	32.0	33.0	34.0	35.0	36.0	37.0
5010_30_S30_L003_R1_001	24.0	245.0	1074.0	2561.0	4800.0	8584.0	14874.0	24333.0	38052.0	53280.0	74540.0	100129.0	137933.0	187589.0	259448.0	349100.0	470205.0	601433.0	769316.0	955449.0	1270082.0	1789001.0	3622727.0	26325711.0	6461143.0
	11.0	12.0	13.0	14.0	15.0	16.0	17.0	18.0	19.0	20.0	21.0	22.0	23.0	24.0	25.0	26.0	27.0	28.0	29.0	30.0	31.0	32.0	33.0	34.0	35.0	36.0	37.0
5010_30_S30_L003_R2_001	75.0	2888.0	12580.0	17407.0	16560.0	15440.0	16981.0	22623.0	34412.0	54401.0	83643.0	115809.0	155155.0	197140.0	248930.0	300419.0	366598.0	424353.0	495805.0	566653.0	699101.0	900209.0	1300874.0	2118535.0	5247205.0	26379368.0	3728469.0
	13.0	14.0	15.0	16.0	17.0	18.0	19.0	20.0	21.0	22.0	23.0	24.0	25.0	26.0	27.0	28.0	29.0	30.0	31.0	32.0	33.0	34.0	35.0	36.0	37.0
5010_31_S31_L003_R1_001	35.0	279.0	1574.0	3630.0	6340.0	11054.0	19132.0	31676.0	51803.0	79886.0	117484.0	160436.0	216247.0	276720.0	359749.0	457507.0	588949.0	721180.0	901288.0	1108639.0	1447710.0	2009028.0	3993844.0	27234232.0	6562712.0
	10.0	11.0	12.0	13.0	14.0	15.0	16.0	17.0	18.0	19.0	20.0	21.0	22.0	23.0	24.0	25.0	26.0	27.0	28.0	29.0	30.0	31.0	32.0	33.0	34.0	35.0	36.0	37.0
5010_31_S31_L003_R2_001	1.0	105.0	3640.0	15195.0	20824.0	20781.0	19381.0	21764.0	27677.0	42493.0	65768.0	99487.0	138642.0	186322.0	232555.0	287425.0	333523.0	394057.0	454821.0	538127.0	631123.0	786772.0	1006948.0	1442875.0	2313052.0	5604978.0	27741255.0	3931543.0
	13.0	14.0	15.0	16.0	17.0	18.0	19.0	20.0	21.0	22.0	23.0	24.0	25.0	26.0	27.0	28.0	29.0	30.0	31.0	32.0	33.0	34.0	35.0	36.0	37.0
5010_32_S32_L003_R1_001	35.0	260.0	1343.0	3220.0	5415.0	9429.0	16339.0	26636.0	41911.0	61613.0	89162.0	120721.0	166439.0	217906.0	290817.0	379939.0	506070.0	642319.0	818575.0	1019075.0	1355422.0	1914123.0	3898336.0	27939574.0	6811903.0
	10.0	11.0	12.0	13.0	14.0	15.0	16.0	17.0	18.0	19.0	20.0	21.0	22.0	23.0	24.0	25.0	26.0	27.0	28.0	29.0	30.0	31.0	32.0	33.0	34.0	35.0	36.0	37.0
5010_32_S32_L003_R2_001	2.0	83.0	3148.0	14444.0	21711.0	21580.0	19961.0	21742.0	28180.0	42557.0	65701.0	100281.0	139134.0	188365.0	239136.0	298491.0	352908.0	421113.0	485023.0	567901.0	661198.0	824643.0	1064651.0	1540156.0	2495079.0	6044910.0	27234124.0	3440360.0
	13.0	14.0	15.0	16.0	17.0	18.0	19.0	20.0	21.0	22.0	23.0	24.0	25.0	26.0	27.0	28.0	29.0	30.0	31.0	32.0	33.0	34.0	35.0	36.0	37.0
5010_33_S33_L003_R1_001	23.0	225.0	1229.0	2899.0	5029.0	8946.0	16526.0	27466.0	42549.0	61078.0	86223.0	114222.0	155152.0	206537.0	283308.0	379880.0	512076.0	654433.0	840330.0	1050811.0	1400400.0	1991416.0	4092419.0	28778393.0	6925572.0
	10.0	11.0	12.0	13.0	14.0	15.0	16.0	17.0	18.0	19.0	20.0	21.0	22.0	23.0	24.0	25.0	26.0	27.0	28.0	29.0	30.0	31.0	32.0	33.0	34.0	35.0	36.0	37.0
5010_33_S33_L003_R2_001	1.0	90.0	3898.0	17465.0	24402.0	23314.0	21200.0	22271.0	27664.0	40086.0	60641.0	91313.0	126104.0	170374.0	214336.0	270517.0	323550.0	391324.0	455500.0	539713.0	631011.0	789478.0	1024390.0	1484381.0	2429605.0	6037202.0	28741161.0	3676151.0
	12.0	13.0	14.0	15.0	16.0	17.0	18.0	19.0	20.0	21.0	22.0	23.0	24.0	25.0	26.0	27.0	28.0	29.0	30.0	31.0	32.0	33.0	34.0	35.0	36.0	37.0
5010_34_S34_L003_R1_001	2.0	26.0	233.0	1256.0	2949.0	5542.0	9514.0	16449.0	27053.0	42643.0	60683.0	86223.0	114230.0	154381.0	204267.0	280508.0	372429.0	498430.0	636344.0	813815.0	1018836.0	1359834.0	1934236.0	4001901.0	27598127.0	6037933.0
	11.0	12.0	13.0	14.0	15.0	16.0	17.0	18.0	19.0	20.0	21.0	22.0	23.0	24.0	25.0	26.0	27.0	28.0	29.0	30.0	31.0	32.0	33.0	34.0	35.0	36.0	37.0
5010_34_S34_L003_R2_001	97.0	3013.0	13530.0	19717.0	19994.0	18512.0	20482.0	26849.0	40384.0	62623.0	95736.0	132438.0	178065.0	223323.0	278379.0	332667.0	404331.0	466742.0	545125.0	632955.0	795062.0	1036003.0	1486663.0	2408076.0	5903671.0	26849314.0	3284093.0
	13.0	14.0	15.0	16.0	17.0	18.0	19.0	20.0	21.0	22.0	23.0	24.0	25.0	26.0	27.0	28.0	29.0	30.0	31.0	32.0	33.0	34.0	35.0	36.0	37.0
5010_35_S35_L003_R1_001	39.0	251.0	1009.0	2679.0	5062.0	9098.0	17069.0	28382.0	47132.0	70406.0	102823.0	139571.0	187159.0	241726.0	318107.0	410233.0	542467.0	681855.0	867541.0	1080769.0	1437417.0	2031766.0	4144090.0	28413939.0	6641869.0
	10.0	11.0	12.0	13.0	14.0	15.0	16.0	17.0	18.0	19.0	20.0	21.0	22.0	23.0	24.0	25.0	26.0	27.0	28.0	29.0	30.0	31.0	32.0	33.0	34.0	35.0	36.0	37.0
5010_35_S35_L003_R2_001	3.0	73.0	2236.0	12376.0	20137.0	21208.0	19796.0	21953.0	28433.0	43872.0	69289.0	107509.0	149600.0	199447.0	247978.0	307007.0	360684.0	429230.0	494335.0	580869.0	674759.0	836197.0	1074096.0	1550076.0	2517018.0	6196547.0	28064941.0	3392790.0
	13.0	14.0	15.0	16.0	17.0	18.0	19.0	20.0	21.0	22.0	23.0	24.0	25.0	26.0	27.0	28.0	29.0	30.0	31.0	32.0	33.0	34.0	35.0	36.0	37.0
5010_36_S36_L003_R1_001	15.0	179.0	1263.0	2913.0	4876.0	8366.0	14704.0	24071.0	39258.0	59118.0	85293.0	117994.0	161473.0	212326.0	282107.0	365105.0	482278.0	608795.0	770577.0	955095.0	1262870.0	1766091.0	3545235.0	24888236.0	6244742.0
	11.0	12.0	13.0	14.0	15.0	16.0	17.0	18.0	19.0	20.0	21.0	22.0	23.0	24.0	25.0	26.0	27.0	28.0	29.0	30.0	31.0	32.0	33.0	34.0	35.0	36.0	37.0
5010_36_S36_L003_R2_001	49.0	1793.0	10148.0	17760.0	19417.0	19187.0	20332.0	26203.0	39737.0	61409.0	94916.0	133139.0	179901.0	228391.0	283594.0	337065.0	402468.0	460600.0	533269.0	609510.0	745204.0	953501.0	1359976.0	2167535.0	5266978.0	24827652.0	3103246.0
	13.0	14.0	15.0	16.0	17.0	18.0	19.0	20.0	21.0	22.0	23.0	24.0	25.0	26.0	27.0	28.0	29.0	30.0	31.0	32.0	33.0	34.0	35.0	36.0	37.0
5010_37_S37_L003_R1_001	19.0	189.0	1040.0	2328.0	4283.0	8017.0	14902.0	25376.0	41058.0	62490.0	90904.0	124035.0	171095.0	222754.0	288891.0	368394.0	477099.0	595678.0	751702.0	929217.0	1223279.0	1720055.0	3483638.0	24304785.0	5961118.0
	10.0	11.0	12.0	13.0	14.0	15.0	16.0	17.0	18.0	19.0	20.0	21.0	22.0	23.0	24.0	25.0	26.0	27.0	28.0	29.0	30.0	31.0	32.0	33.0	34.0	35.0	36.0	37.0
5010_37_S37_L003_R2_001	2.0	61.0	1914.0	10111.0	16481.0	17677.0	16980.0	18481.0	23798.0	36479.0	56920.0	86680.0	121164.0	164178.0	209006.0	261032.0	310731.0	370609.0	429944.0	509423.0	599439.0	747947.0	964498.0	1399312.0	2280315.0	5622835.0	23937152.0	2659177.0
	12.0	13.0	14.0	15.0	16.0	17.0	18.0	19.0	20.0	21.0	22.0	23.0	24.0	25.0	26.0	27.0	28.0	29.0	30.0	31.0	32.0	33.0	34.0	35.0	36.0	37.0
5010_38_S38_L003_R1_001	1.0	19.0	229.0	1120.0	2848.0	5303.0	9456.0	16832.0	27922.0	44244.0	64271.0	92310.0	125263.0	166875.0	217690.0	291483.0	381799.0	506766.0	641775.0	813646.0	1010625.0	1341000.0	1891661.0	3857205.0	26848196.0	6311915.0
	11.0	12.0	13.0	14.0	15.0	16.0	17.0	18.0	19.0	20.0	21.0	22.0	23.0	24.0	25.0	26.0	27.0	28.0	29.0	30.0	31.0	32.0	33.0	34.0	35.0	36.0	37.0
5010_38_S38_L003_R2_001	131.0	4088.0	16097.0	20950.0	19476.0	18018.0	20728.0	29166.0	48144.0	77005.0	117999.0	159205.0	206636.0	250309.0	302222.0	348395.0	410213.0	467475.0	544839.0	632244.0	782467.0	1001220.0	1431723.0	2308064.0	5587075.0	26283053.0	3583512.0
	13.0	14.0	15.0	16.0	17.0	18.0	19.0	20.0	21.0	22.0	23.0	24.0	25.0	26.0	27.0	28.0	29.0	30.0	31.0	32.0	33.0	34.0	35.0	36.0	37.0
5010_39_S39_L003_R1_001	41.0	243.0	1304.0	3120.0	5408.0	9840.0	18261.0	30040.0	45988.0	64115.0	88345.0	114905.0	154806.0	204479.0	280191.0	371635.0	496810.0	634083.0	808910.0	1005495.0	1335739.0	1881798.0	3816678.0	27538784.0	6735877.0
	11.0	12.0	13.0	14.0	15.0	16.0	17.0	18.0	19.0	20.0	21.0	22.0	23.0	24.0	25.0	26.0	27.0	28.0	29.0	30.0	31.0	32.0	33.0	34.0	35.0	36.0	37.0
5010_39_S39_L003_R2_001	87.0	3135.0	13724.0	18815.0	17794.0	16707.0	18703.0	24767.0	38677.0	59826.0	92008.0	127557.0	172482.0	217877.0	273685.0	326962.0	392640.0	452138.0	531175.0	618603.0	772993.0	1000250.0	1445967.0	2345800.0	5752242.0	27356138.0	3556143.0
	13.0	14.0	15.0	16.0	17.0	18.0	19.0	20.0	21.0	22.0	23.0	24.0	25.0	26.0	27.0	28.0	29.0	30.0	31.0	32.0	33.0	34.0	35.0	36.0	37.0
5010_3_S3_L003_R1_001	19.0	233.0	1175.0	2813.0	5512.0	10734.0	18908.0	30411.0	49750.0	73028.0	105754.0	141393.0	191330.0	249093.0	330584.0	428085.0	556698.0	688787.0	862448.0	1061530.0	1394961.0	1944749.0	3862355.0	27385311.0	6786412.0
	11.0	12.0	13.0	14.0	15.0	16.0	17.0	18.0	19.0	20.0	21.0	22.0	23.0	24.0	25.0	26.0	27.0	28.0	29.0	30.0	31.0	32.0	33.0	34.0	35.0	36.0	37.0
5010_3_S3_L003_R2_001	99.0	2859.0	13599.0	21276.0	21908.0	20908.0	21990.0	26508.0	38366.0	58679.0	89363.0	123373.0	166022.0	209166.0	261499.0	309860.0	371918.0	432210.0	518404.0	609998.0	760035.0	978033.0	1405848.0	2253705.0	5475697.0	27912258.0	4078492.0
	13.0	14.0	15.0	16.0	17.0	18.0	19.0	20.0	21.0	22.0	23.0	24.0	25.0	26.0	27.0	28.0	29.0	30.0	31.0	32.0	33.0	34.0	35.0	36.0	37.0
5010_40_S40_L003_R1_001	40.0	295.0	1630.0	3540.0	5820.0	10486.0	18803.0	30167.0	46447.0	66318.0	93332.0	124576.0	168455.0	222264.0	301179.0	398723.0	533616.0	681976.0	871079.0	1089063.0	1446401.0	2041384.0	4142546.0	30179211.0	7529974.0
	10.0	11.0	12.0	13.0	14.0	15.0	16.0	17.0	18.0	19.0	20.0	21.0	22.0	23.0	24.0	25.0	26.0	27.0	28.0	29.0	30.0	31.0	32.0	33.0	34.0	35.0	36.0	37.0
5010_40_S40_L003_R2_001	3.0	67.0	2990.0	14994.0	22931.0	22966.0	20877.0	22414.0	28281.0	43259.0	67041.0	102026.0	139716.0	186878.0	234449.0	292667.0	346128.0	416908.0	481393.0	569909.0	667735.0	839758.0	1093107.0	1589103.0	2593101.0	6401144.0	29968090.0	3839390.0
	13.0	14.0	15.0	16.0	17.0	18.0	19.0	20.0	21.0	22.0	23.0	24.0	25.0	26.0	27.0	28.0	29.0	30.0	31.0	32.0	33.0	34.0	35.0	36.0	37.0
5010_41_S41_L003_R1_001	28.0	277.0	1343.0	2943.0	5270.0	9507.0	17330.0	27945.0	43106.0	60675.0	85446.0	111963.0	152692.0	203469.0	280867.0	377072.0	509125.0	649381.0	834289.0	1040413.0	1383580.0	1951620.0	3964279.0	28209169.0	6775292.0
	10.0	11.0	12.0	13.0	14.0	15.0	16.0	17.0	18.0	19.0	20.0	21.0	22.0	23.0	24.0	25.0	26.0	27.0	28.0	29.0	30.0	31.0	32.0	33.0	34.0	35.0	36.0	37.0
5010_41_S41_L003_R2_001	2.0	57.0	2184.0	11830.0	21329.0	23448.0	22874.0	23539.0	27882.0	38907.0	57792.0	86052.0	117990.0	157034.0	196817.0	248910.0	301393.0	369701.0	434727.0	514225.0	600317.0	751262.0	975165.0	1421059.0	2318104.0	5723398.0	28418844.0	3832239.0
	12.0	13.0	14.0	15.0	16.0	17.0	18.0	19.0	20.0	21.0	22.0	23.0	24.0	25.0	26.0	27.0	28.0	29.0	30.0	31.0	32.0	33.0	34.0	35.0	36.0	37.0
5010_42_S42_L003_R1_001	1.0	35.0	238.0	1107.0	2701.0	4777.0	8814.0	16287.0	26215.0	40353.0	58344.0	84582.0	115303.0	160617.0	216978.0	299413.0	399584.0	537240.0	684859.0	876232.0	1095788.0	1461413.0	2066053.0	4212362.0	30515617.0	7540880.0
	10.0	11.0	12.0	13.0	14.0	15.0	16.0	17.0	18.0	19.0	20.0	21.0	22.0	23.0	24.0	25.0	26.0	27.0	28.0	29.0	30.0	31.0	32.0	33.0	34.0	35.0	36.0	37.0
5010_42_S42_L003_R2_001	2.0	62.0	2428.0	13046.0	20213.0	20540.0	18533.0	19803.0	25001.0	38435.0	60394.0	93008.0	129534.0	174274.0	224889.0	285373.0	345361.0	420265.0	490196.0	578670.0	677492.0	854942.0	1112248.0	1621472.0	2664722.0	6643113.0	30255268.0	3636509.0
	13.0	14.0	15.0	16.0	17.0	18.0	19.0	20.0	21.0	22.0	23.0	24.0	25.0	26.0	27.0	28.0	29.0	30.0	31.0	32.0	33.0	34.0	35.0	36.0	37.0
5010_43_S43_L003_R1_001	20.0	180.0	1127.0	2522.0	4339.0	7939.0	14705.0	24421.0	39668.0	56667.0	80049.0	106410.0	143089.0	189483.0	254671.0	336209.0	446752.0	565644.0	721560.0	893601.0	1186987.0	1674152.0	3417239.0	24330150.0	5797246.0
	10.0	11.0	12.0	13.0	14.0	15.0	16.0	17.0	18.0	19.0	20.0	21.0	22.0	23.0	24.0	25.0	26.0	27.0	28.0	29.0	30.0	31.0	32.0	33.0	34.0	35.0	36.0	37.0
5010_43_S43_L003_R2_001	1.0	56.0	2527.0	12247.0	18010.0	18146.0	17117.0	19172.0	25189.0	38993.0	60374.0	90660.0	121907.0	161739.0	201746.0	248994.0	294819.0	350624.0	405292.0	480152.0	563751.0	705109.0	914538.0	1326544.0	2172008.0	5374466.0	23895464.0	2775185.0
	13.0	14.0	15.0	16.0	17.0	18.0	19.0	20.0	21.0	22.0	23.0	24.0	25.0	26.0	27.0	28.0	29.0	30.0	31.0	32.0	33.0	34.0	35.0	36.0	37.0
5010_44_S44_L003_R1_001	43.0	341.0	1794.0	4637.0	8729.0	16023.0	28433.0	46723.0	73449.0	106986.0	152933.0	201714.0	271905.0	358395.0	490010.0	648617.0	871266.0	1111541.0	1419066.0	1765965.0	2353060.0	3322937.0	6754837.0	48405685.0	11770071.0
	10.0	11.0	12.0	13.0	14.0	15.0	16.0	17.0	18.0	19.0	20.0	21.0	22.0	23.0	24.0	25.0	26.0	27.0	28.0	29.0	30.0	31.0	32.0	33.0	34.0	35.0	36.0	37.0
5010_44_S44_L003_R2_001	2.0	110.0	3450.0	17619.0	28732.0	30827.0	29856.0	33181.0	45238.0	74274.0	119731.0	182870.0	246259.0	317105.0	387811.0	481302.0	572841.0	689592.0	799364.0	940508.0	1097998.0	1366013.0	1759003.0	2544086.0	4157609.0	10363454.0	48198633.0	5697692.0
	13.0	14.0	15.0	16.0	17.0	18.0	19.0	20.0	21.0	22.0	23.0	24.0	25.0	26.0	27.0	28.0	29.0	30.0	31.0	32.0	33.0	34.0	35.0	36.0	37.0
5010_45_S45_L003_R1_001	1.0	2.0	20.0	57.0	95.0	203.0	372.0	624.0	907.0	1467.0	2008.0	2597.0	3355.0	4635.0	6159.0	8173.0	11011.0	13660.0	17241.0	21195.0	28173.0	39009.0	79422.0	558749.0	134245.0
	11.0	12.0	13.0	14.0	15.0	16.0	17.0	18.0	19.0	20.0	21.0	22.0	23.0	24.0	25.0	26.0	27.0	28.0	29.0	30.0	31.0	32.0	33.0	34.0	35.0	36.0	37.0
5010_45_S45_L003_R2_001	1.0	69.0	368.0	522.0	482.0	421.0	480.0	631.0	869.0	1303.0	1994.0	2791.0	3658.0	4703.0	5885.0	6959.0	8299.0	9463.0	11457.0	13456.0	16658.0	21334.0	30292.0	49120.0	120421.0	552120.0	69624.0
	13.0	14.0	15.0	16.0	17.0	18.0	19.0	20.0	21.0	22.0	23.0	24.0	25.0	26.0	27.0	28.0	29.0	30.0	31.0	32.0	33.0	34.0	35.0	36.0	37.0
5010_46_S46_L003_R1_001	24.0	204.0	1586.0	3573.0	5599.0	9295.0	15922.0	25705.0	41449.0	59780.0	86127.0	115271.0	156894.0	206245.0	278904.0	364600.0	486211.0	614133.0	781540.0	969496.0	1289923.0	1819748.0	3724196.0	25658153.0	5793316.0
	11.0	12.0	13.0	14.0	15.0	16.0	17.0	18.0	19.0	20.0	21.0	22.0	23.0	24.0	25.0	26.0	27.0	28.0	29.0	30.0	31.0	32.0	33.0	34.0	35.0	36.0	37.0
5010_46_S46_L003_R2_001	80.0	3163.0	14232.0	20151.0	19791.0	18490.0	19894.0	26035.0	39825.0	61430.0	92419.0	125989.0	166700.0	209188.0	258562.0	305300.0	363831.0	420580.0	498268.0	587963.0	734633.0	951879.0	1376625.0	2239827.0	5518380.0	25300513.0	3134146.0
	12.0	13.0	14.0	15.0	16.0	17.0	18.0	19.0	20.0	21.0	22.0	23.0	24.0	25.0	26.0	27.0	28.0	29.0	30.0	31.0	32.0	33.0	34.0	35.0	36.0	37.0
5010_47_S47_L003_R1_001	1.0	12.0	204.0	1351.0	3208.0	5882.0	10892.0	19554.0	32514.0	49551.0	70174.0	97476.0	128692.0	172495.0	230380.0	315674.0	417558.0	560662.0	710359.0	904415.0	1122460.0	1491217.0	2106140.0	4272528.0	29722351.0	7208024.0
	11.0	12.0	13.0	14.0	15.0	16.0	17.0	18.0	19.0	20.0	21.0	22.0	23.0	24.0	25.0	26.0	27.0	28.0	29.0	30.0	31.0	32.0	33.0	34.0	35.0	36.0	37.0
5010_47_S47_L003_R2_001	56.0	2013.0	10618.0	16478.0	17075.0	16224.0	18216.0	24333.0	38646.0	61501.0	94736.0	130386.0	174354.0	221035.0	277953.0	331911.0	402277.0	470086.0	561896.0	663091.0	827733.0	1072906.0	1551646.0	2526776.0	6229495.0	29979129.0	3933204.0
	13.0	14.0	15.0	16.0	17.0	18.0	19.0	20.0	21.0	22.0	23.0	24.0	25.0	26.0	27.0	28.0	29.0	30.0	31.0	32.0	33.0	34.0	35.0	36.0	37.0
5010_48_S48_L003_R1_001	39.0	228.0	1247.0	2873.0	5465.0	9780.0	17503.0	29073.0	45826.0	64775.0	90822.0	119835.0	161551.0	210626.0	282003.0	367424.0	486105.0	615290.0	780634.0	971387.0	1289134.0	1815495.0	3677818.0	25731963.0	6218773.0
	10.0	11.0	12.0	13.0	14.0	15.0	16.0	17.0	18.0	19.0	20.0	21.0	22.0	23.0	24.0	25.0	26.0	27.0	28.0	29.0	30.0	31.0	32.0	33.0	34.0	35.0	36.0	37.0
5010_48_S48_L003_R2_001	2.0	73.0	3089.0	13344.0	18080.0	17600.0	16790.0	19282.0	25923.0	40360.0	62925.0	95522.0	130756.0	174455.0	218897.0	272209.0	320881.0	382205.0	439344.0	519911.0	611639.0	765882.0	994788.0	1451386.0	2378674.0	5827894.0	25192181.0	3001577.0
	13.0	14.0	15.0	16.0	17.0	18.0	19.0	20.0	21.0	22.0	23.0	24.0	25.0	26.0	27.0	28.0	29.0	30.0	31.0	32.0	33.0	34.0	35.0	36.0	37.0
5010_49_S49_L003_R1_001	21.0	217.0	1221.0	2996.0	5589.0	10368.0	18468.0	30875.0	49110.0	72253.0	102773.0	135438.0	182670.0	241841.0	327972.0	432416.0	574256.0	719230.0	904428.0	1117208.0	1480263.0	2078477.0	4153735.0	28656312.0	7013538.0
	10.0	11.0	12.0	13.0	14.0	15.0	16.0	17.0	18.0	19.0	20.0	21.0	22.0	23.0	24.0	25.0	26.0	27.0	28.0	29.0	30.0	31.0	32.0	33.0	34.0	35.0	36.0	37.0
5010_49_S49_L003_R2_001	1.0	70.0	2260.0	10799.0	16006.0	16464.0	15413.0	16697.0	20703.0	31285.0	48796.0	75106.0	104513.0	142207.0	183426.0	234614.0	281822.0	344634.0	406686.0	491024.0	587416.0	743355.0	966476.0	1406893.0	2302370.0	5719158.0	29865243.0	4278238.0
	13.0	14.0	15.0	16.0	17.0	18.0	19.0	20.0	21.0	22.0	23.0	24.0	25.0	26.0	27.0	28.0	29.0	30.0	31.0	32.0	33.0	34.0	35.0	36.0	37.0
5010_4_S4_L003_R1_001	17.0	185.0	969.0	2384.0	4144.0	7430.0	13660.0	22392.0	36387.0	55222.0	82085.0	114143.0	158102.0	206524.0	273423.0	352814.0	464055.0	584219.0	746231.0	928806.0	1230998.0	1751868.0	3647364.0	25308003.0	5265556.0
	9.0	10.0	11.0	12.0	13.0	14.0	15.0	16.0	17.0	18.0	19.0	20.0	21.0	22.0	23.0	24.0	25.0	26.0	27.0	28.0	29.0	30.0	31.0	32.0	33.0	34.0	35.0	36.0	37.0
5010_4_S4_L003_R2_001	2.0	2.0	111.0	3160.0	13995.0	20702.0	20773.0	19026.0	19457.0	23186.0	32930.0	49295.0	77100.0	109368.0	149362.0	188835.0	236172.0	283862.0	348791.0	409370.0	478059.0	558105.0	708248.0	934314.0	1334647.0	2143814.0	5188297.0	24640035.0	3265963.0
	12.0	13.0	14.0	15.0	16.0	17.0	18.0	19.0	20.0	21.0	22.0	23.0	24.0	25.0	26.0	27.0	28.0	29.0	30.0	31.0	32.0	33.0	34.0	35.0	36.0	37.0
5010_50_S50_L003_R1_001	1.0	19.0	225.0	1881.0	4004.0	6233.0	10602.0	18390.0	28741.0	45694.0	66616.0	96528.0	132342.0	181159.0	236646.0	317964.0	414643.0	548363.0	693858.0	877061.0	1089379.0	1447789.0	2033248.0	4057682.0	29040373.0	7324814.0
	11.0	12.0	13.0	14.0	15.0	16.0	17.0	18.0	19.0	20.0	21.0	22.0	23.0	24.0	25.0	26.0	27.0	28.0	29.0	30.0	31.0	32.0	33.0	34.0	35.0	36.0	37.0
5010_50_S50_L003_R2_001	96.0	3570.0	18046.0	26515.0	25665.0	22802.0	23099.0	27830.0	40800.0	61534.0	93454.0	125924.0	165865.0	207373.0	257933.0	306886.0	369648.0	430849.0	511279.0	602059.0	754540.0	977215.0	1418882.0	2307629.0	5738557.0	29830131.0	4326074.0
	13.0	14.0	15.0	16.0	17.0	18.0	19.0	20.0	21.0	22.0	23.0	24.0	25.0	26.0	27.0	28.0	29.0	30.0	31.0	32.0	33.0	34.0	35.0	36.0	37.0
5010_51_S51_L003_R1_001	25.0	281.0	1736.0	3972.0	6470.0	11263.0	20222.0	32795.0	50908.0	74019.0	108053.0	147922.0	198174.0	255152.0	340428.0	450040.0	603726.0	766268.0	979620.0	1219276.0	1628890.0	2296264.0	4643656.0	32792169.0	7867500.0
	10.0	11.0	12.0	13.0	14.0	15.0	16.0	17.0	18.0	19.0	20.0	21.0	22.0	23.0	24.0	25.0	26.0	27.0	28.0	29.0	30.0	31.0	32.0	33.0	34.0	35.0	36.0	37.0
5010_51_S51_L003_R2_001	3.0	74.0	2614.0	12638.0	19466.0	20186.0	18955.0	21242.0	28009.0	44587.0	70771.0	109045.0	150092.0	197302.0	243501.0	300068.0	356160.0	431807.0	500154.0	583289.0	679167.0	850985.0	1110469.0	1606541.0	2602739.0	6411697.0	33283558.0	4843710.0
	13.0	14.0	15.0	16.0	17.0	18.0	19.0	20.0	21.0	22.0	23.0	24.0	25.0	26.0	27.0	28.0	29.0	30.0	31.0	32.0	33.0	34.0	35.0	36.0	37.0
5010_52_S52_L003_R1_001	23.0	273.0	2075.0	4885.0	7874.0	13255.0	22245.0	34567.0	53189.0	75313.0	104542.0	138537.0	184470.0	242314.0	325254.0	425887.0	563265.0	711594.0	897937.0	1108933.0	1468939.0	2060546.0	4123226.0	28266325.0	6624132.0
	10.0	11.0	12.0	13.0	14.0	15.0	16.0	17.0	18.0	19.0	20.0	21.0	22.0	23.0	24.0	25.0	26.0	27.0	28.0	29.0	30.0	31.0	32.0	33.0	34.0	35.0	36.0	37.0
5010_52_S52_L003_R2_001	2.0	94.0	3235.0	13524.0	18751.0	18485.0	17134.0	18706.0	24329.0	37183.0	57085.0	87619.0	120948.0	161844.0	204600.0	256266.0	306604.0	368507.0	428116.0	511903.0	599042.0	748638.0	967433.0	1390851.0	2252381.0	5547917.0	28952647.0	4345756.0
	13.0	14.0	15.0	16.0	17.0	18.0	19.0	20.0	21.0	22.0	23.0	24.0	25.0	26.0	27.0	28.0	29.0	30.0	31.0	32.0	33.0	34.0	35.0	36.0	37.0
5010_53_S53_L003_R1_001	29.0	287.0	1499.0	4025.0	7681.0	13505.0	24107.0	39310.0	64241.0	97620.0	144171.0	198613.0	273191.0	359107.0	481529.0	625835.0	824141.0	1028030.0	1296460.0	1598725.0	2105400.0	2939412.0	5830250.0	39935914.0	9692070.0
	10.0	11.0	12.0	13.0	14.0	15.0	16.0	17.0	18.0	19.0	20.0	21.0	22.0	23.0	24.0	25.0	26.0	27.0	28.0	29.0	30.0	31.0	32.0	33.0	34.0	35.0	36.0	37.0
5010_53_S53_L003_R2_001	2.0	124.0	4548.0	19811.0	27688.0	26508.0	24164.0	26125.0	33213.0	51588.0	81544.0	124126.0	169880.0	225053.0	279782.0	348001.0	412338.0	497309.0	583495.0	697942.0	820749.0	1023771.0	1325493.0	1921504.0	3125255.0	7837437.0	41814250.0	6083452.0
	13.0	14.0	15.0	16.0	17.0	18.0	19.0	20.0	21.0	22.0	23.0	24.0	25.0	26.0	27.0	28.0	29.0	30.0	31.0	32.0	33.0	34.0	35.0	36.0	37.0
5010_54_S54_L003_R1_001	26.0	354.0	1985.0	4796.0	8488.0	14654.0	24915.0	38786.0	59490.0	85494.0	121276.0	165148.0	229838.0	308720.0	424158.0	559298.0	744815.0	944786.0	1201401.0	1491530.0	1987743.0	2789364.0	5569355.0	39430683.0	9949760.0
	11.0	12.0	13.0	14.0	15.0	16.0	17.0	18.0	19.0	20.0	21.0	22.0	23.0	24.0	25.0	26.0	27.0	28.0	29.0	30.0	31.0	32.0	33.0	34.0	35.0	36.0	37.0
5010_54_S54_L003_R2_001	88.0	3789.0	18876.0	28637.0	28864.0	26403.0	28200.0	34541.0	50757.0	77222.0	116801.0	162652.0	217678.0	274765.0	346846.0	417256.0	507203.0	590379.0	694849.0	810011.0	1011433.0	1305103.0	1892239.0	3074825.0	7628359.0	40649453.0	6159634.0
	13.0	14.0	15.0	16.0	17.0	18.0	19.0	20.0	21.0	22.0	23.0	24.0	25.0	26.0	27.0	28.0	29.0	30.0	31.0	32.0	33.0	34.0	35.0	36.0	37.0
5010_55_S55_L003_R1_001	20.0	296.0	1466.0	3272.0	6001.0	11120.0	19658.0	31032.0	48067.0	68013.0	95576.0	127760.0	174675.0	232589.0	319129.0	423692.0	563683.0	714386.0	908453.0	1129337.0	1507516.0	2109951.0	4149197.0	29783637.0	8122724.0
	10.0	11.0	12.0	13.0	14.0	15.0	16.0	17.0	18.0	19.0	20.0	21.0	22.0	23.0	24.0	25.0	26.0	27.0	28.0	29.0	30.0	31.0	32.0	33.0	34.0	35.0	36.0	37.0
5010_55_S55_L003_R2_001	1.0	49.0	1917.0	11120.0	18718.0	19909.0	18733.0	19527.0	23534.0	34269.0	52795.0	81090.0	112743.0	151580.0	193935.0	247768.0	300872.0	369173.0	434814.0	517355.0	607177.0	761715.0	984261.0	1425446.0	2333238.0	5897836.0	31378470.0	4553205.0
	13.0	14.0	15.0	16.0	17.0	18.0	19.0	20.0	21.0	22.0	23.0	24.0	25.0	26.0	27.0	28.0	29.0	30.0	31.0	32.0	33.0	34.0	35.0	36.0	37.0
5010_56_S56_L003_R1_001	26.0	267.0	1444.0	3689.0	6562.0	11751.0	20794.0	33411.0	52259.0	74187.0	103359.0	139637.0	193118.0	263573.0	368010.0	495295.0	665634.0	845918.0	1075205.0	1342029.0	1791522.0	2521049.0	5060228.0	35400344.0	8831225.0
	9.0	10.0	11.0	12.0	13.0	14.0	15.0	16.0	17.0	18.0	19.0	20.0	21.0	22.0	23.0	24.0	25.0	26.0	27.0	28.0	29.0	30.0	31.0	32.0	33.0	34.0	35.0	36.0	37.0
5010_56_S56_L003_R2_001	1.0	0.0	101.0	4372.0	17383.0	22097.0	20359.0	18523.0	19626.0	24908.0	37956.0	59201.0	90192.0	126899.0	171436.0	219384.0	278755.0	337806.0	413684.0	487440.0	579437.0	679927.0	854508.0	1117855.0	1640542.0	2710675.0	6924347.0	37014486.0	5428636.0
	13.0	14.0	15.0	16.0	17.0	18.0	19.0	20.0	21.0	22.0	23.0	24.0	25.0	26.0	27.0	28.0	29.0	30.0	31.0	32.0	33.0	34.0	35.0	36.0	37.0
5010_57_S57_L003_R1_001	32.0	316.0	1960.0	4544.0	7270.0	12233.0	21191.0	34003.0	52142.0	74841.0	103332.0	136313.0	181974.0	238414.0	319108.0	418375.0	553185.0	697454.0	880075.0	1090087.0	1439554.0	2016595.0	4054803.0	28315137.0	6661461.0
	10.0	11.0	12.0	13.0	14.0	15.0	16.0	17.0	18.0	19.0	20.0	21.0	22.0	23.0	24.0	25.0	26.0	27.0	28.0	29.0	30.0	31.0	32.0	33.0	34.0	35.0	36.0	37.0
5010_57_S57_L003_R2_001	1.0	89.0	3717.0	15716.0	21434.0	20386.0	18632.0	20489.0	25691.0	38740.0	59873.0	90878.0	126370.0	168871.0	214126.0	269407.0	321761.0	387679.0	451985.0	533597.0	622565.0	773084.0	995700.0	1437506.0	2318296.0	5670742.0	28621789.0	4085275.0
	12.0	13.0	14.0	15.0	16.0	17.0	18.0	19.0	20.0	21.0	22.0	23.0	24.0	25.0	26.0	27.0	28.0	29.0	30.0	31.0	32.0	33.0	34.0	35.0	36.0	37.0
5010_58_S58_L003_R1_001	1.0	25.0	237.0	1309.0	3217.0	6298.0	11331.0	20246.0	32178.0	48924.0	69731.0	99350.0	133418.0	177947.0	231906.0	310222.0	406851.0	542942.0	686938.0	872969.0	1086424.0	1454336.0	2036034.0	4038839.0	28111316.0	7123956.0
	10.0	11.0	12.0	13.0	14.0	15.0	16.0	17.0	18.0	19.0	20.0	21.0	22.0	23.0	24.0	25.0	26.0	27.0	28.0	29.0	30.0	31.0	32.0	33.0	34.0	35.0	36.0	37.0
5010_58_S58_L003_R2_001	1.0	58.0	2254.0	12058.0	18967.0	19130.0	17603.0	18538.0	24443.0	38271.0	60845.0	93897.0	127881.0	167426.0	207280.0	258724.0	304686.0	368303.0	428137.0	508961.0	598710.0	751118.0	974186.0	1415218.0	2307950.0	5759399.0	28961091.0	4061810.0
	13.0	14.0	15.0	16.0	17.0	18.0	19.0	20.0	21.0	22.0	23.0	24.0	25.0	26.0	27.0	28.0	29.0	30.0	31.0	32.0	33.0	34.0	35.0	36.0	37.0
5010_59_S59_L003_R1_001	27.0	221.0	1188.0	2939.0	5477.0	9692.0	17858.0	29867.0	49150.0	74784.0	111749.0	154418.0	211660.0	274591.0	363211.0	467944.0	610828.0	753550.0	938627.0	1156374.0	1520087.0	2119052.0	4219289.0	29021046.0	7272044.0
	10.0	11.0	12.0	13.0	14.0	15.0	16.0	17.0	18.0	19.0	20.0	21.0	22.0	23.0	24.0	25.0	26.0	27.0	28.0	29.0	30.0	31.0	32.0	33.0	34.0	35.0	36.0	37.0
5010_59_S59_L003_R2_001	1.0	84.0	2866.0	13665.0	19543.0	18877.0	17062.0	17589.0	22524.0	35091.0	55260.0	84586.0	118001.0	160269.0	204436.0	257416.0	308317.0	374717.0	438957.0	525940.0	620504.0	777107.0	1000929.0	1443201.0	2341635.0	5797690.0	30327642.0	4401764.0
	12.0	13.0	14.0	15.0	16.0	17.0	18.0	19.0	20.0	21.0	22.0	23.0	24.0	25.0	26.0	27.0	28.0	29.0	30.0	31.0	32.0	33.0	34.0	35.0	36.0	37.0
5010_5_S5_L003_R1_001	1.0	13.0	203.0	951.0	2370.0	4169.0	7986.0	13408.0	21562.0	33377.0	47608.0	67467.0	89663.0	123777.0	168805.0	235674.0	315365.0	423042.0	539159.0	686301.0	851358.0	1129845.0	1589951.0	3203780.0	22816263.0	5555228.0
	10.0	11.0	12.0	13.0	14.0	15.0	16.0	17.0	18.0	19.0	20.0	21.0	22.0	23.0	24.0	25.0	26.0	27.0	28.0	29.0	30.0	31.0	32.0	33.0	34.0	35.0	36.0	37.0
5010_5_S5_L003_R2_001	1.0	50.0	1635.0	9598.0	16374.0	17478.0	16173.0	17233.0	21032.0	30792.0	46511.0	70356.0	98335.0	130571.0	164968.0	208210.0	251159.0	306943.0	361127.0	427987.0	497267.0	617526.0	793189.0	1150582.0	1863637.0	4593311.0	22984508.0	3230773.0
	13.0	14.0	15.0	16.0	17.0	18.0	19.0	20.0	21.0	22.0	23.0	24.0	25.0	26.0	27.0	28.0	29.0	30.0	31.0	32.0	33.0	34.0	35.0	36.0	37.0
5010_60_S60_L003_R1_001	21.0	287.0	1992.0	4608.0	7332.0	12471.0	21263.0	34137.0	53335.0	77414.0	112145.0	151959.0	208406.0	276673.0	377011.0	497074.0	659518.0	834578.0	1057276.0	1307488.0	1729020.0	2415260.0	4796725.0	33674786.0	8441999.0
	10.0	11.0	12.0	13.0	14.0	15.0	16.0	17.0	18.0	19.0	20.0	21.0	22.0	23.0	24.0	25.0	26.0	27.0	28.0	29.0	30.0	31.0	32.0	33.0	34.0	35.0	36.0	37.0
5010_60_S60_L003_R2_001	2.0	46.0	2080.0	11376.0	18814.0	19624.0	18657.0	20701.0	28514.0	47735.0	77642.0	119645.0	159575.0	203509.0	246386.0	301742.0	356834.0	431535.0	505403.0	608860.0	723544.0	907915.0	1171060.0	1687456.0	2724246.0	6728179.0	34718798.0	4912900.0
	13.0	14.0	15.0	16.0	17.0	18.0	19.0	20.0	21.0	22.0	23.0	24.0	25.0	26.0	27.0	28.0	29.0	30.0	31.0	32.0	33.0	34.0	35.0	36.0	37.0
5010_61_S61_L003_R1_001	29.0	371.0	1934.0	5094.0	8544.0	14992.0	26396.0	43345.0	67271.0	98099.0	141124.0	189438.0	256195.0	337224.0	457454.0	603696.0	803740.0	1019321.0	1294233.0	1609845.0	2143366.0	3023844.0	6116596.0	40784302.0	9338948.0
	11.0	12.0	13.0	14.0	15.0	16.0	17.0	18.0	19.0	20.0	21.0	22.0	23.0	24.0	25.0	26.0	27.0	28.0	29.0	30.0	31.0	32.0	33.0	34.0	35.0	36.0	37.0
5010_61_S61_L003_R2_001	136.0	4495.0	21327.0	31325.0	31682.0	29234.0	31288.0	39790.0	60174.0	94615.0	145691.0	198581.0	259243.0	316215.0	385879.0	452742.0	543052.0	632193.0	749967.0	876286.0	1092871.0	1406955.0	2033237.0	3289490.0	8144347.0	41622894.0	5891692.0
	12.0	13.0	14.0	15.0	16.0	17.0	18.0	19.0	20.0	21.0	22.0	23.0	24.0	25.0	26.0	27.0	28.0	29.0	30.0	31.0	32.0	33.0	34.0	35.0	36.0	37.0
5010_62_S62_L003_R1_001	2.0	46.0	412.0	1814.0	4442.0	8748.0	16138.0	29306.0	47770.0	74932.0	110150.0	161022.0	223313.0	312677.0	419385.0	563360.0	737676.0	978542.0	1232748.0	1561749.0	1940333.0	2578832.0	3619301.0	7254869.0	51769467.0	13077795.0
	10.0	11.0	12.0	13.0	14.0	15.0	16.0	17.0	18.0	19.0	20.0	21.0	22.0	23.0	24.0	25.0	26.0	27.0	28.0	29.0	30.0	31.0	32.0	33.0	34.0	35.0	36.0	37.0
5010_62_S62_L003_R2_001	5.0	206.0	7837.0	32268.0	41685.0	38728.0	34268.0	36482.0	46430.0	69200.0	109463.0	169520.0	236553.0	321242.0	407434.0	506866.0	598437.0	716554.0	823520.0	966632.0	1128587.0	1413142.0	1825070.0	2621127.0	4216377.0	10321790.0	52421821.0	7613585.0
	13.0	14.0	15.0	16.0	17.0	18.0	19.0	20.0	21.0	22.0	23.0	24.0	25.0	26.0	27.0	28.0	29.0	30.0	31.0	32.0	33.0	34.0	35.0	36.0	37.0
5010_63_S63_L003_R1_001	29.0	251.0	1459.0	3471.0	6513.0	11130.0	18984.0	30484.0	48255.0	70824.0	105000.0	144441.0	198596.0	262745.0	353300.0	457456.0	600624.0	748605.0	939143.0	1157465.0	1530537.0	2143025.0	4284232.0	29077136.0	6858157.0
	11.0	12.0	13.0	14.0	15.0	16.0	17.0	18.0	19.0	20.0	21.0	22.0	23.0	24.0	25.0	26.0	27.0	28.0	29.0	30.0	31.0	32.0	33.0	34.0	35.0	36.0	37.0
5010_63_S63_L003_R2_001	129.0	4072.0	15735.0	20721.0	19762.0	18060.0	19704.0	25945.0	39108.0	61102.0	95059.0	132294.0	177019.0	220227.0	271646.0	317997.0	378731.0	438975.0	522992.0	614619.0	768529.0	988100.0	1419644.0	2297546.0	5672048.0	30010996.0	4501102.0
	13.0	14.0	15.0	16.0	17.0	18.0	19.0	20.0	21.0	22.0	23.0	24.0	25.0	26.0	27.0	28.0	29.0	30.0	31.0	32.0	33.0	34.0	35.0	36.0	37.0
5010_6_S6_L003_R1_001	19.0	207.0	801.0	2008.0	4040.0	7349.0	13640.0	22194.0	35163.0	49712.0	69229.0	91363.0	125367.0	164239.0	221278.0	291524.0	388492.0	493605.0	627162.0	778870.0	1034817.0	1448992.0	2875423.0	21080211.0	5566901.0
	10.0	11.0	12.0	13.0	14.0	15.0	16.0	17.0	18.0	19.0	20.0	21.0	22.0	23.0	24.0	25.0	26.0	27.0	28.0	29.0	30.0	31.0	32.0	33.0	34.0	35.0	36.0	37.0
5010_6_S6_L003_R2_001	1.0	44.0	1760.0	9664.0	15442.0	15637.0	14505.0	15272.0	18901.0	27705.0	42446.0	65729.0	91578.0	124028.0	158596.0	201113.0	243393.0	294493.0	341603.0	402422.0	466532.0	580015.0	747780.0	1079158.0	1750617.0	4322112.0	21489115.0	2872945.0
	13.0	14.0	15.0	16.0	17.0	18.0	19.0	20.0	21.0	22.0	23.0	24.0	25.0	26.0	27.0	28.0	29.0	30.0	31.0	32.0	33.0	34.0	35.0	36.0	37.0
5010_7_S7_L003_R1_001	6.0	101.0	784.0	2222.0	4794.0	9078.0	16778.0	26691.0	41606.0	61896.0	88728.0	120401.0	162585.0	211064.0	279282.0	361141.0	467499.0	571073.0	710425.0	874900.0	1154357.0	1591567.0	3090637.0	20985013.0	5346354.0
	10.0	11.0	12.0	13.0	14.0	15.0	16.0	17.0	18.0	19.0	20.0	21.0	22.0	23.0	24.0	25.0	26.0	27.0	28.0	29.0	30.0	31.0	32.0	33.0	34.0	35.0	36.0	37.0
5010_7_S7_L003_R2_001	1.0	58.0	2160.0	10306.0	14318.0	13242.0	11638.0	12107.0	15483.0	23297.0	37946.0	59664.0	85454.0	118953.0	155344.0	197990.0	237560.0	286170.0	334472.0	400512.0	471336.0	587398.0	753933.0	1084338.0	1741423.0	4265885.0	22122407.0	3135587.0
	12.0	13.0	14.0	15.0	16.0	17.0	18.0	19.0	20.0	21.0	22.0	23.0	24.0	25.0	26.0	27.0	28.0	29.0	30.0	31.0	32.0	33.0	34.0	35.0	36.0	37.0
5010_8_S8_L003_R1_001	1.0	13.0	251.0	1219.0	3000.0	5910.0	10293.0	18308.0	29951.0	46458.0	65961.0	92600.0	123651.0	172109.0	230552.0	314859.0	413417.0	550996.0	695623.0	878674.0	1089528.0	1448374.0	2023299.0	3994497.0	27783018.0	7263981.0
	10.0	11.0	12.0	13.0	14.0	15.0	16.0	17.0	18.0	19.0	20.0	21.0	22.0	23.0	24.0	25.0	26.0	27.0	28.0	29.0	30.0	31.0	32.0	33.0	34.0	35.0	36.0	37.0
5010_8_S8_L003_R2_001	1.0	97.0	4308.0	20361.0	29154.0	27583.0	24248.0	23741.0	27756.0	39330.0	58882.0	88758.0	121053.0	159557.0	199459.0	250579.0	297747.0	359590.0	421567.0	500974.0	588450.0	730244.0	942768.0	1359229.0	2199608.0	5418169.0	28912822.0	4450508.0
	12.0	13.0	14.0	15.0	16.0	17.0	18.0	19.0	20.0	21.0	22.0	23.0	24.0	25.0	26.0	27.0	28.0	29.0	30.0	31.0	32.0	33.0	34.0	35.0	36.0	37.0
5010_9_S9_L003_R1_001	1.0	23.0	294.0	1512.0	4030.0	7325.0	13280.0	24180.0	40903.0	64877.0	95035.0	133178.0	172962.0	229447.0	294844.0	392122.0	508964.0	667314.0	829447.0	1041275.0	1280244.0	1684366.0	2359717.0	4704667.0	32035636.0	7746951.0
	10.0	11.0	12.0	13.0	14.0	15.0	16.0	17.0	18.0	19.0	20.0	21.0	22.0	23.0	24.0	25.0	26.0	27.0	28.0	29.0	30.0	31.0	32.0	33.0	34.0	35.0	36.0	37.0
5010_9_S9_L003_R2_001	1.0	95.0	2660.0	13265.0	22379.0	24586.0	24144.0	26631.0	34228.0	51662.0	78830.0	119994.0	163873.0	220024.0	274851.0	341039.0	402446.0	477024.0	552675.0	650660.0	760783.0	949156.0	1216725.0	1749367.0	2818224.0	6846084.0	32327520.0	4183668.0
	13.0	14.0	15.0	16.0	17.0	18.0	19.0	20.0	21.0	22.0	23.0	24.0	25.0	26.0	27.0	28.0	29.0	30.0	31.0	32.0	33.0	34.0	35.0	36.0	37.0
5329_10_S73_L004_R1_001	26.0	248.0	1224.0	2976.0	5818.0	10942.0	20306.0	34454.0	57211.0	88019.0	128607.0	174288.0	233589.0	299407.0	391181.0	506795.0	652553.0	796596.0	992333.0	1225010.0	1618811.0	2299864.0	4749371.0	33209143.0	7821325.0
	11.0	12.0	13.0	14.0	15.0	16.0	17.0	18.0	19.0	20.0	21.0	22.0	23.0	24.0	25.0	26.0	27.0	28.0	29.0	30.0	31.0	32.0	33.0	34.0	35.0	36.0	37.0
5329_10_S73_L004_R2_001	88.0	3172.0	15040.0	22410.0	22658.0	21236.0	23597.0	31158.0	49061.0	77947.0	120557.0	167253.0	222796.0	276059.0	340967.0	398500.0	473912.0	546683.0	647848.0	757674.0	945665.0	1220077.0	1767527.0	2869046.0	7024252.0	32979559.0	4295355.0
	13.0	14.0	15.0	16.0	17.0	18.0	19.0	20.0	21.0	22.0	23.0	24.0	25.0	26.0	27.0	28.0	29.0	30.0	31.0	32.0	33.0	34.0	35.0	36.0	37.0
5329_11_S74_L004_R1_001	24.0	264.0	1437.0	3575.0	6911.0	12527.0	21780.0	35766.0	57813.0	86989.0	125783.0	168725.0	227654.0	291611.0	383798.0	499322.0	646862.0	794494.0	990628.0	1222594.0	1616199.0	2294277.0	4710661.0	31963457.0	7659289.0
	11.0	12.0	13.0	14.0	15.0	16.0	17.0	18.0	19.0	20.0	21.0	22.0	23.0	24.0	25.0	26.0	27.0	28.0	29.0	30.0	31.0	32.0	33.0	34.0	35.0	36.0	37.0
5329_11_S74_L004_R2_001	85.0	3254.0	15974.0	24941.0	25396.0	23902.0	25533.0	32313.0	48017.0	73825.0	113984.0	160246.0	215302.0	269424.0	332640.0	388339.0	463510.0	534676.0	626848.0	725762.0	894904.0	1142929.0	1638549.0	2644558.0	6504672.0	32428458.0	4464399.0
	12.0	13.0	14.0	15.0	16.0	17.0	18.0	19.0	20.0	21.0	22.0	23.0	24.0	25.0	26.0	27.0	28.0	29.0	30.0	31.0	32.0	33.0	34.0	35.0	36.0	37.0
5329_12_S75_L004_R1_001	2.0	20.0	244.0	1158.0	2812.0	5357.0	9503.0	17400.0	28818.0	44745.0	62495.0	84970.0	111295.0	152469.0	205036.0	281168.0	375044.0	503049.0	642896.0	821964.0	1025859.0	1370212.0	1949671.0	4017773.0	30379846.0	7798300.0
	10.0	11.0	12.0	13.0	14.0	15.0	16.0	17.0	18.0	19.0	20.0	21.0	22.0	23.0	24.0	25.0	26.0	27.0	28.0	29.0	30.0	31.0	32.0	33.0	34.0	35.0	36.0	37.0
5329_12_S75_L004_R2_001	1.0	113.0	5120.0	22000.0	28803.0	26638.0	23045.0	24281.0	29667.0	44202.0	65678.0	97921.0	133663.0	179232.0	226691.0	285497.0	343079.0	413890.0	475716.0	557056.0	653343.0	820281.0	1062822.0	1552313.0	2544460.0	6296026.0	30091616.0	3888952.0
	12.0	13.0	14.0	15.0	16.0	17.0	18.0	19.0	20.0	21.0	22.0	23.0	24.0	25.0	26.0	27.0	28.0	29.0	30.0	31.0	32.0	33.0	34.0	35.0	36.0	37.0
5329_13_S76_L004_R1_001	1.0	29.0	246.0	1251.0	2964.0	5498.0	9842.0	17484.0	29148.0	46986.0	69042.0	96836.0	126876.0	171390.0	227122.0	310659.0	411437.0	549368.0	694640.0	883914.0	1102232.0	1473596.0	2104243.0	4354126.0	31714425.0	7666502.0
	10.0	11.0	12.0	13.0	14.0	15.0	16.0	17.0	18.0	19.0	20.0	21.0	22.0	23.0	24.0	25.0	26.0	27.0	28.0	29.0	30.0	31.0	32.0	33.0	34.0	35.0	36.0	37.0
5329_13_S76_L004_R2_001	2.0	83.0	3263.0	14906.0	21148.0	20364.0	18723.0	20303.0	25452.0	40106.0	61994.0	95559.0	135588.0	184594.0	235144.0	294869.0	351852.0	424363.0	491428.0	574738.0	666707.0	830723.0	1073280.0	1553894.0	2529385.0	6252459.0	31651059.0	4497871.0
	12.0	13.0	14.0	15.0	16.0	17.0	18.0	19.0	20.0	21.0	22.0	23.0	24.0	25.0	26.0	27.0	28.0	29.0	30.0	31.0	32.0	33.0	34.0	35.0	36.0	37.0
5329_14_S77_L004_R1_001	1.0	24.0	243.0	1156.0	2895.0	5816.0	10999.0	20658.0	34345.0	54894.0	79923.0	108863.0	142611.0	195503.0	263718.0	363210.0	484940.0	651351.0	825433.0	1049192.0	1301147.0	1729922.0	2441421.0	4894766.0	37008966.0	10320573.0
	11.0	12.0	13.0	14.0	15.0	16.0	17.0	18.0	19.0	20.0	21.0	22.0	23.0	24.0	25.0	26.0	27.0	28.0	29.0	30.0	31.0	32.0	33.0	34.0	35.0	36.0	37.0
5329_14_S77_L004_R2_001	100.0	3630.0	18414.0	28046.0	27451.0	24295.0	24504.0	29644.0	42397.0	65230.0	98804.0	138000.0	185589.0	237000.0	299549.0	362199.0	438487.0	514747.0	615223.0	726105.0	912586.0	1188068.0	1726755.0	2818170.0	7080728.0	38543916.0	5842933.0
	13.0	14.0	15.0	16.0	17.0	18.0	19.0	20.0	21.0	22.0	23.0	24.0	25.0	26.0	27.0	28.0	29.0	30.0	31.0	32.0	33.0	34.0	35.0	36.0	37.0
5329_15_S78_L004_R1_001	24.0	256.0	1181.0	2863.0	5420.0	9936.0	17260.0	27821.0	43398.0	62302.0	88014.0	115581.0	158218.0	210185.0	289798.0	385125.0	516923.0	658866.0	842786.0	1049919.0	1400967.0	1988811.0	4066354.0	30566447.0	7944327.0
	11.0	12.0	13.0	14.0	15.0	16.0	17.0	18.0	19.0	20.0	21.0	22.0	23.0	24.0	25.0	26.0	27.0	28.0	29.0	30.0	31.0	32.0	33.0	34.0	35.0	36.0	37.0
5329_15_S78_L004_R2_001	74.0	2519.0	12612.0	20719.0	21623.0	20662.0	22906.0	28905.0	43247.0	66416.0	100416.0	136998.0	180402.0	223391.0	278202.0	330688.0	398575.0	463954.0	547530.0	642021.0	803021.0	1043112.0	1514660.0	2471821.0	6124775.0	30727121.0	4226412.0
	13.0	14.0	15.0	16.0	17.0	18.0	19.0	20.0	21.0	22.0	23.0	24.0	25.0	26.0	27.0	28.0	29.0	30.0	31.0	32.0	33.0	34.0	35.0	36.0	37.0
5329_16_S79_L004_R1_001	38.0	281.0	1250.0	3040.0	5510.0	9831.0	16315.0	26076.0	40098.0	58484.0	84209.0	113310.0	156970.0	211606.0	291401.0	387227.0	520795.0	662992.0	846613.0	1053774.0	1410972.0	2008251.0	4121547.0	30276490.0	7709952.0
	11.0	12.0	13.0	14.0	15.0	16.0	17.0	18.0	19.0	20.0	21.0	22.0	23.0	24.0	25.0	26.0	27.0	28.0	29.0	30.0	31.0	32.0	33.0	34.0	35.0	36.0	37.0
5329_16_S79_L004_R2_001	59.0	2276.0	12735.0	20780.0	21974.0	20959.0	22609.0	27699.0	39945.0	60251.0	90375.0	124766.0	167599.0	212769.0	270186.0	329638.0	401278.0	468493.0	552258.0	643286.0	805025.0	1045470.0	1533784.0	2526735.0	6330147.0	30384495.0	3901441.0
	13.0	14.0	15.0	16.0	17.0	18.0	19.0	20.0	21.0	22.0	23.0	24.0	25.0	26.0	27.0	28.0	29.0	30.0	31.0	32.0	33.0	34.0	35.0	36.0	37.0
5329_17_S80_L004_R1_001	27.0	186.0	1189.0	2797.0	5387.0	10134.0	18118.0	30099.0	48881.0	74468.0	108201.0	145445.0	197407.0	262950.0	355751.0	468935.0	613938.0	757550.0	943181.0	1161517.0	1536864.0	2178402.0	4437890.0	32177441.0	7996819.0
	10.0	11.0	12.0	13.0	14.0	15.0	16.0	17.0	18.0	19.0	20.0	21.0	22.0	23.0	24.0	25.0	26.0	27.0	28.0	29.0	30.0	31.0	32.0	33.0	34.0	35.0	36.0	37.0
5329_17_S80_L004_R2_001	1.0	122.0	3956.0	18099.0	25516.0	24394.0	22210.0	23182.0	28678.0	42542.0	64944.0	97934.0	135429.0	181341.0	229333.0	289003.0	342890.0	412330.0	481236.0	576558.0	686206.0	863796.0	1118474.0	1625799.0	2642279.0	6520688.0	32532908.0	4543729.0
	12.0	13.0	14.0	15.0	16.0	17.0	18.0	19.0	20.0	21.0	22.0	23.0	24.0	25.0	26.0	27.0	28.0	29.0	30.0	31.0	32.0	33.0	34.0	35.0	36.0	37.0
5329_18_S81_L004_R1_001	1.0	27.0	263.0	1172.0	2810.0	5321.0	9462.0	16542.0	27198.0	43570.0	63739.0	89909.0	121320.0	167420.0	224250.0	303381.0	401191.0	528402.0	656965.0	822123.0	1014477.0	1346103.0	1903446.0	3863081.0	27893749.0	7160946.0
	10.0	11.0	12.0	13.0	14.0	15.0	16.0	17.0	18.0	19.0	20.0	21.0	22.0	23.0	24.0	25.0	26.0	27.0	28.0	29.0	30.0	31.0	32.0	33.0	34.0	35.0	36.0	37.0
5329_18_S81_L004_R2_001	2.0	107.0	4410.0	20133.0	28456.0	26575.0	23384.0	23786.0	28221.0	40895.0	61634.0	92236.0	124615.0	161647.0	199111.0	243696.0	285933.0	344936.0	401145.0	474656.0	552534.0	684518.0	878458.0	1265943.0	2055214.0	5124466.0	28934547.0	4585610.0
	13.0	14.0	15.0	16.0	17.0	18.0	19.0	20.0	21.0	22.0	23.0	24.0	25.0	26.0	27.0	28.0	29.0	30.0	31.0	32.0	33.0	34.0	35.0	36.0	37.0
5329_19_S82_L004_R1_001	21.0	268.0	1160.0	2370.0	4293.0	7495.0	13772.0	21968.0	33840.0	47597.0	66178.0	87414.0	122163.0	165468.0	229085.0	308301.0	416350.0	531392.0	678707.0	847190.0	1134591.0	1614556.0	3307347.0	25225126.0	6611820.0
	10.0	11.0	12.0	13.0	14.0	15.0	16.0	17.0	18.0	19.0	20.0	21.0	22.0	23.0	24.0	25.0	26.0	27.0	28.0	29.0	30.0	31.0	32.0	33.0	34.0	35.0	36.0	37.0
5329_19_S82_L004_R2_001	1.0	66.0	2245.0	11560.0	18549.0	18822.0	17672.0	18667.0	23750.0	35839.0	55414.0	83517.0	112252.0	146114.0	181224.0	225693.0	271511.0	326998.0	380873.0	452932.0	532966.0	669520.0	873159.0	1274761.0	2092131.0	5157128.0	25113306.0	3381802.0
	13.0	14.0	15.0	16.0	17.0	18.0	19.0	20.0	21.0	22.0	23.0	24.0	25.0	26.0	27.0	28.0	29.0	30.0	31.0	32.0	33.0	34.0	35.0	36.0	37.0
5329_1_S64_L004_R1_001	29.0	262.0	1079.0	2565.0	4815.0	8655.0	15001.0	23843.0	37800.0	53444.0	73519.0	97534.0	134406.0	181800.0	251187.0	336643.0	452572.0	577548.0	736753.0	917178.0	1227390.0	1749573.0	3575161.0	27638017.0	7416298.0
	10.0	11.0	12.0	13.0	14.0	15.0	16.0	17.0	18.0	19.0	20.0	21.0	22.0	23.0	24.0	25.0	26.0	27.0	28.0	29.0	30.0	31.0	32.0	33.0	34.0	35.0	36.0	37.0
5329_1_S64_L004_R2_001	1.0	80.0	2995.0	15710.0	25062.0	25602.0	23452.0	24686.0	30033.0	45312.0	68992.0	102088.0	134317.0	171513.0	209868.0	260691.0	313540.0	379822.0	436005.0	507001.0	587883.0	733392.0	952649.0	1386148.0	2244601.0	5501634.0	27469824.0	3860171.0
	13.0	14.0	15.0	16.0	17.0	18.0	19.0	20.0	21.0	22.0	23.0	24.0	25.0	26.0	27.0	28.0	29.0	30.0	31.0	32.0	33.0	34.0	35.0	36.0	37.0
5329_20_S83_L004_R1_001	26.0	176.0	1053.0	2546.0	4575.0	8408.0	15017.0	24370.0	39350.0	57017.0	79948.0	104917.0	142791.0	190769.0	260271.0	343597.0	455626.0	572974.0	724530.0	898559.0	1195362.0	1692158.0	3435736.0	25625589.0	6845423.0
	10.0	11.0	12.0	13.0	14.0	15.0	16.0	17.0	18.0	19.0	20.0	21.0	22.0	23.0	24.0	25.0	26.0	27.0	28.0	29.0	30.0	31.0	32.0	33.0	34.0	35.0	36.0	37.0
5329_20_S83_L004_R2_001	1.0	138.0	4857.0	18608.0	23503.0	21610.0	19628.0	20365.0	25114.0	36117.0	54334.0	81277.0	111216.0	149728.0	186996.0	233635.0	275082.0	330440.0	382217.0	453402.0	533418.0	667204.0	860420.0	1249668.0	2039324.0	5079540.0	26113115.0	3749831.0
	13.0	14.0	15.0	16.0	17.0	18.0	19.0	20.0	21.0	22.0	23.0	24.0	25.0	26.0	27.0	28.0	29.0	30.0	31.0	32.0	33.0	34.0	35.0	36.0	37.0
5329_21_S84_L004_R1_001	20.0	227.0	1334.0	3284.0	5579.0	9791.0	16701.0	26679.0	42048.0	61244.0	87213.0	117017.0	158670.0	210093.0	284053.0	374201.0	494164.0	621795.0	783865.0	970479.0	1286321.0	1817445.0	3663090.0	26046288.0	6640212.0
	11.0	12.0	13.0	14.0	15.0	16.0	17.0	18.0	19.0	20.0	21.0	22.0	23.0	24.0	25.0	26.0	27.0	28.0	29.0	30.0	31.0	32.0	33.0	34.0	35.0	36.0	37.0
5329_21_S84_L004_R2_001	75.0	3304.0	15847.0	23363.0	23311.0	21570.0	22951.0	27830.0	40444.0	60853.0	90152.0	122751.0	162426.0	201250.0	248405.0	292684.0	352811.0	410235.0	486920.0	570458.0	710847.0	906587.0	1299145.0	2086236.0	5084708.0	26423597.0	4033053.0
	12.0	13.0	14.0	15.0	16.0	17.0	18.0	19.0	20.0	21.0	22.0	23.0	24.0	25.0	26.0	27.0	28.0	29.0	30.0	31.0	32.0	33.0	34.0	35.0	36.0	37.0
5329_22_S85_L004_R1_001	2.0	16.0	230.0	1129.0	2564.0	4448.0	7730.0	13243.0	21418.0	33272.0	47337.0	67657.0	92919.0	129808.0	176571.0	244546.0	325408.0	437665.0	557181.0	709468.0	883298.0	1187775.0	1685514.0	3437162.0	25791839.0	6744203.0
	11.0	12.0	13.0	14.0	15.0	16.0	17.0	18.0	19.0	20.0	21.0	22.0	23.0	24.0	25.0	26.0	27.0	28.0	29.0	30.0	31.0	32.0	33.0	34.0	35.0	36.0	37.0
5329_22_S85_L004_R2_001	93.0	3648.0	16903.0	23951.0	22013.0	19327.0	19573.0	23811.0	35155.0	53331.0	80059.0	108788.0	142710.0	178514.0	223843.0	268233.0	324768.0	375248.0	446035.0	527220.0	663202.0	862818.0	1261924.0	2065651.0	5123400.0	25983053.0	3749132.0
	13.0	14.0	15.0	16.0	17.0	18.0	19.0	20.0	21.0	22.0	23.0	24.0	25.0	26.0	27.0	28.0	29.0	30.0	31.0	32.0	33.0	34.0	35.0	36.0	37.0
5329_23_S86_L004_R1_001	18.0	224.0	1090.0	2698.0	4959.0	8956.0	15501.0	24288.0	37362.0	52135.0	70911.0	93007.0	126116.0	169936.0	237600.0	319114.0	431677.0	553801.0	709146.0	884775.0	1187162.0	1691676.0	3475927.0	25953393.0	6552531.0
	10.0	11.0	12.0	13.0	14.0	15.0	16.0	17.0	18.0	19.0	20.0	21.0	22.0	23.0	24.0	25.0	26.0	27.0	28.0	29.0	30.0	31.0	32.0	33.0	34.0	35.0	36.0	37.0
5329_23_S86_L004_R2_001	1.0	78.0	3170.0	14452.0	20539.0	20344.0	18549.0	20125.0	26183.0	39869.0	61204.0	90898.0	119777.0	151205.0	182252.0	223207.0	263438.0	317849.0	370147.0	440954.0	519661.0	654312.0	854480.0	1246707.0	2046264.0	5078585.0	26074709.0	3745044.0
	13.0	14.0	15.0	16.0	17.0	18.0	19.0	20.0	21.0	22.0	23.0	24.0	25.0	26.0	27.0	28.0	29.0	30.0	31.0	32.0	33.0	34.0	35.0	36.0	37.0
5329_24_S87_L004_R1_001	25.0	250.0	1607.0	3480.0	5803.0	10820.0	19758.0	31867.0	50721.0	76065.0	108943.0	148172.0	202776.0	263044.0	348567.0	454899.0	593442.0	717778.0	882940.0	1086497.0	1421864.0	1992327.0	3971706.0	28293781.0	7502181.0
	11.0	12.0	13.0	14.0	15.0	16.0	17.0	18.0	19.0	20.0	21.0	22.0	23.0	24.0	25.0	26.0	27.0	28.0	29.0	30.0	31.0	32.0	33.0	34.0	35.0	36.0	37.0
5329_24_S87_L004_R2_001	81.0	2222.0	12884.0	21242.0	22955.0	22179.0	23718.0	28780.0	42521.0	64178.0	97276.0	134642.0	180732.0	227038.0	283844.0	337304.0	404179.0	469884.0	560652.0	659494.0	820863.0	1055411.0	1521653.0	2452317.0	5966176.0	28858180.0	3918908.0
	12.0	13.0	14.0	15.0	16.0	17.0	18.0	19.0	20.0	21.0	22.0	23.0	24.0	25.0	26.0	27.0	28.0	29.0	30.0	31.0	32.0	33.0	34.0	35.0	36.0	37.0
5329_25_S88_L004_R1_001	1.0	31.0	275.0	1661.0	4052.0	6784.0	11655.0	19579.0	31401.0	48115.0	68371.0	95358.0	125526.0	168789.0	222104.0	300297.0	394821.0	521291.0	660954.0	834746.0	1036599.0	1379985.0	1961271.0	4016865.0	29732920.0	7506748.0
	11.0	12.0	13.0	14.0	15.0	16.0	17.0	18.0	19.0	20.0	21.0	22.0	23.0	24.0	25.0	26.0	27.0	28.0	29.0	30.0	31.0	32.0	33.0	34.0	35.0	36.0	37.0
5329_25_S88_L004_R2_001	163.0	5213.0	19767.0	25725.0	24174.0	22324.0	24631.0	31905.0	47465.0	71261.0	105380.0	142936.0	187927.0	234525.0	290241.0	342873.0	410580.0	471178.0	554297.0	649097.0	808236.0	1037151.0	1504083.0	2448186.0	6050082.0	29616811.0	4023988.0
	13.0	14.0	15.0	16.0	17.0	18.0	19.0	20.0	21.0	22.0	23.0	24.0	25.0	26.0	27.0	28.0	29.0	30.0	31.0	32.0	33.0	34.0	35.0	36.0	37.0
5329_26_S89_L004_R1_001	30.0	302.0	2320.0	4395.0	5901.0	9425.0	15878.0	25494.0	40667.0	59418.0	85415.0	114821.0	158146.0	209007.0	281898.0	373358.0	498411.0	636087.0	809798.0	1011760.0	1353680.0	1926705.0	3974549.0	29345342.0	7180982.0
	10.0	11.0	12.0	13.0	14.0	15.0	16.0	17.0	18.0	19.0	20.0	21.0	22.0	23.0	24.0	25.0	26.0	27.0	28.0	29.0	30.0	31.0	32.0	33.0	34.0	35.0	36.0	37.0
5329_26_S89_L004_R2_001	3.0	69.0	1506.0	9194.0	17606.0	20505.0	21178.0	24280.0	31518.0	48307.0	73434.0	109170.0	145065.0	187878.0	228087.0	282176.0	334339.0	402024.0	465677.0	552426.0	652264.0	824820.0	1073435.0	1568752.0	2567223.0	6321625.0	28742897.0	3418331.0
	13.0	14.0	15.0	16.0	17.0	18.0	19.0	20.0	21.0	22.0	23.0	24.0	25.0	26.0	27.0	28.0	29.0	30.0	31.0	32.0	33.0	34.0	35.0	36.0	37.0
5329_27_S90_L004_R1_001	25.0	241.0	1449.0	3371.0	5531.0	9343.0	16041.0	26765.0	44167.0	66846.0	99205.0	138307.0	193008.0	250266.0	329639.0	419556.0	541293.0	670850.0	838752.0	1030332.0	1358989.0	1912697.0	3885611.0	28584597.0	7448128.0
	10.0	11.0	12.0	13.0	14.0	15.0	16.0	17.0	18.0	19.0	20.0	21.0	22.0	23.0	24.0	25.0	26.0	27.0	28.0	29.0	30.0	31.0	32.0	33.0	34.0	35.0	36.0	37.0
5329_27_S90_L004_R2_001	1.0	91.0	2891.0	14312.0	21596.0	21924.0	20563.0	22336.0	28571.0	42729.0	66094.0	101639.0	142981.0	195459.0	248740.0	311233.0	365501.0	433694.0	501633.0	593110.0	696000.0	869409.0	1123261.0	1620393.0	2624517.0	6383136.0	28112074.0	3311121.0
	12.0	13.0	14.0	15.0	16.0	17.0	18.0	19.0	20.0	21.0	22.0	23.0	24.0	25.0	26.0	27.0	28.0	29.0	30.0	31.0	32.0	33.0	34.0	35.0	36.0	37.0
5329_28_S91_L004_R1_001	1.0	14.0	173.0	872.0	2045.0	3937.0	7062.0	12534.0	21718.0	36167.0	55190.0	80322.0	108070.0	148699.0	194664.0	261930.0	342412.0	451900.0	568059.0	719946.0	890677.0	1184890.0	1682858.0	3444909.0	24898572.0	6085864.0
	11.0	12.0	13.0	14.0	15.0	16.0	17.0	18.0	19.0	20.0	21.0	22.0	23.0	24.0	25.0	26.0	27.0	28.0	29.0	30.0	31.0	32.0	33.0	34.0	35.0	36.0	37.0
5329_28_S91_L004_R2_001	88.0	2633.0	11372.0	16387.0	16100.0	15003.0	16326.0	21722.0	34027.0	53864.0	83250.0	115056.0	153431.0	190655.0	239130.0	283171.0	338564.0	394153.0	468240.0	552255.0	690012.0	890778.0	1290404.0	2106268.0	5217446.0	24817596.0	3185554.0
	13.0	14.0	15.0	16.0	17.0	18.0	19.0	20.0	21.0	22.0	23.0	24.0	25.0	26.0	27.0	28.0	29.0	30.0	31.0	32.0	33.0	34.0	35.0	36.0	37.0
5329_29_S92_L004_R1_001	20.0	249.0	1246.0	3129.0	5652.0	10019.0	16992.0	27035.0	41116.0	58840.0	84110.0	112509.0	153031.0	201603.0	273113.0	358669.0	474302.0	598796.0	756991.0	942018.0	1256942.0	1792170.0	3675501.0	26585129.0	6519870.0
	10.0	11.0	12.0	13.0	14.0	15.0	16.0	17.0	18.0	19.0	20.0	21.0	22.0	23.0	24.0	25.0	26.0	27.0	28.0	29.0	30.0	31.0	32.0	33.0	34.0	35.0	36.0	37.0
5329_29_S92_L004_R2_001	1.0	55.0	2447.0	11932.0	18892.0	19722.0	19339.0	21818.0	28617.0	43083.0	67662.0	101229.0	136740.0	181732.0	225835.0	281656.0	334640.0	402317.0	464847.0	541377.0	628161.0	777463.0	998251.0	1437646.0	2317782.0	5639727.0	25879520.0	3366561.0
	13.0	14.0	15.0	16.0	17.0	18.0	19.0	20.0	21.0	22.0	23.0	24.0	25.0	26.0	27.0	28.0	29.0	30.0	31.0	32.0	33.0	34.0	35.0	36.0	37.0
5329_2_S65_L004_R1_001	25.0	209.0	1158.0	2808.0	5310.0	9662.0	17616.0	29088.0	48769.0	75897.0	112878.0	155014.0	211165.0	268987.0	348754.0	444706.0	566360.0	681043.0	834675.0	1019535.0	1336951.0	1872624.0	3731709.0	26780637.0	7286911.0
	11.0	12.0	13.0	14.0	15.0	16.0	17.0	18.0	19.0	20.0	21.0	22.0	23.0	24.0	25.0	26.0	27.0	28.0	29.0	30.0	31.0	32.0	33.0	34.0	35.0	36.0	37.0
5329_2_S65_L004_R2_001	112.0	3676.0	18299.0	27273.0	26687.0	23858.0	23614.0	27963.0	39769.0	59552.0	88989.0	119946.0	158698.0	197593.0	246716.0	290803.0	347954.0	404048.0	484171.0	575250.0	717383.0	925537.0	1338018.0	2164781.0	5351215.0	28074014.0	4106572.0
	12.0	13.0	14.0	15.0	16.0	17.0	18.0	19.0	20.0	21.0	22.0	23.0	24.0	25.0	26.0	27.0	28.0	29.0	30.0	31.0	32.0	33.0	34.0	35.0	36.0	37.0
5329_30_S93_L004_R1_001	1.0	27.0	242.0	1045.0	2356.0	4539.0	8114.0	13934.0	22791.0	35723.0	50723.0	69392.0	93023.0	129805.0	176536.0	246501.0	330210.0	447498.0	571340.0	730730.0	909669.0	1215404.0	1731088.0	3568957.0	27155868.0	6945797.0
	11.0	12.0	13.0	14.0	15.0	16.0	17.0	18.0	19.0	20.0	21.0	22.0	23.0	24.0	25.0	26.0	27.0	28.0	29.0	30.0	31.0	32.0	33.0	34.0	35.0	36.0	37.0
5329_30_S93_L004_R2_001	75.0	3031.0	13091.0	17884.0	16948.0	15536.0	17115.0	21981.0	33955.0	53871.0	81863.0	113034.0	151437.0	191307.0	243003.0	294110.0	358591.0	415133.0	483582.0	553673.0	688743.0	891362.0	1294974.0	2123870.0	5287678.0	27146572.0	3948894.0
	13.0	14.0	15.0	16.0	17.0	18.0	19.0	20.0	21.0	22.0	23.0	24.0	25.0	26.0	27.0	28.0	29.0	30.0	31.0	32.0	33.0	34.0	35.0	36.0	37.0
5329_31_S94_L004_R1_001	34.0	299.0	1420.0	3462.0	5917.0	10217.0	18109.0	29656.0	48924.0	75336.0	110214.0	150293.0	203455.0	261610.0	341099.0	436898.0	563988.0	690600.0	865023.0	1059919.0	1398468.0	1967087.0	3964128.0	28184855.0	7056634.0
	10.0	11.0	12.0	13.0	14.0	15.0	16.0	17.0	18.0	19.0	20.0	21.0	22.0	23.0	24.0	25.0	26.0	27.0	28.0	29.0	30.0	31.0	32.0	33.0	34.0	35.0	36.0	37.0
5329_31_S94_L004_R2_001	2.0	126.0	3932.0	15798.0	21381.0	21134.0	19521.0	21344.0	27486.0	41706.0	64476.0	97835.0	134734.0	180170.0	225467.0	279126.0	325979.0	386798.0	447155.0	530125.0	624958.0	777560.0	1002894.0	1443626.0	2328596.0	5670479.0	28589488.0	4165749.0
	12.0	13.0	14.0	15.0	16.0	17.0	18.0	19.0	20.0	21.0	22.0	23.0	24.0	25.0	26.0	27.0	28.0	29.0	30.0	31.0	32.0	33.0	34.0	35.0	36.0	37.0
5329_32_S95_L004_R1_001	1.0	35.0	273.0	1515.0	3243.0	5304.0	9132.0	16000.0	25973.0	40661.0	59568.0	85487.0	115892.0	160310.0	211902.0	283873.0	372090.0	495942.0	629858.0	805797.0	1002713.0	1342992.0	1917518.0	3976959.0	29750291.0	7535623.0
	9.0	10.0	11.0	12.0	13.0	14.0	15.0	16.0	17.0	18.0	19.0	20.0	21.0	22.0	23.0	24.0	25.0	26.0	27.0	28.0	29.0	30.0	31.0	32.0	33.0	34.0	35.0	36.0	37.0
5329_32_S95_L004_R2_001	1.0	0.0	98.0	3326.0	15334.0	23022.0	22553.0	21005.0	22817.0	29201.0	44297.0	67079.0	100937.0	139648.0	189413.0	238370.0	298659.0	354914.0	425514.0	488779.0	575224.0	672179.0	844907.0	1094988.0	1594559.0	2592664.0	6309921.0	28927089.0	3752454.0
	13.0	14.0	15.0	16.0	17.0	18.0	19.0	20.0	21.0	22.0	23.0	24.0	25.0	26.0	27.0	28.0	29.0	30.0	31.0	32.0	33.0	34.0	35.0	36.0	37.0
5329_33_S96_L004_R1_001	29.0	228.0	1078.0	2713.0	4674.0	8482.0	14877.0	24524.0	38766.0	55812.0	78472.0	103403.0	141806.0	189438.0	262319.0	352283.0	475822.0	609481.0	781994.0	977627.0	1312491.0	1886881.0	3955991.0	28975471.0	7217197.0
	9.0	10.0	11.0	12.0	13.0	14.0	15.0	16.0	17.0	18.0	19.0	20.0	21.0	22.0	23.0	24.0	25.0	26.0	27.0	28.0	29.0	30.0	31.0	32.0	33.0	34.0	35.0	36.0	37.0
5329_33_S96_L004_R2_001	1.0	0.0	102.0	4095.0	17794.0	24605.0	23069.0	20877.0	21535.0	26669.0	38829.0	58655.0	88245.0	121328.0	162573.0	205458.0	257896.0	308912.0	374781.0	436091.0	517411.0	607570.0	763262.0	992644.0	1452915.0	2389772.0	5971228.0	28815322.0	3770220.0
	13.0	14.0	15.0	16.0	17.0	18.0	19.0	20.0	21.0	22.0	23.0	24.0	25.0	26.0	27.0	28.0	29.0	30.0	31.0	32.0	33.0	34.0	35.0	36.0	37.0
5329_34_S97_L004_R1_001	21.0	263.0	1186.0	2664.0	4823.0	8462.0	14872.0	24370.0	38648.0	55519.0	78446.0	104075.0	143007.0	190592.0	262920.0	350364.0	469110.0	599045.0	767374.0	962365.0	1292707.0	1866278.0	3932522.0	28256417.0	6389775.0
	11.0	12.0	13.0	14.0	15.0	16.0	17.0	18.0	19.0	20.0	21.0	22.0	23.0	24.0	25.0	26.0	27.0	28.0	29.0	30.0	31.0	32.0	33.0	34.0	35.0	36.0	37.0
5329_34_S97_L004_R2_001	82.0	3045.0	14001.0	20108.0	19791.0	18555.0	20185.0	26124.0	39710.0	61176.0	92890.0	128715.0	172896.0	217488.0	270203.0	323103.0	393186.0	453803.0	533385.0	622408.0	780688.0	1021698.0	1478064.0	2403342.0	5922434.0	27349314.0	3429431.0
	13.0	14.0	15.0	16.0	17.0	18.0	19.0	20.0	21.0	22.0	23.0	24.0	25.0	26.0	27.0	28.0	29.0	30.0	31.0	32.0	33.0	34.0	35.0	36.0	37.0
5329_35_S98_L004_R1_001	24.0	250.0	1086.0	2549.0	4715.0	8624.0	15688.0	26306.0	43389.0	65964.0	95230.0	129192.0	174266.0	226608.0	300150.0	391678.0	516464.0	651259.0	828809.0	1036752.0	1385948.0	1982366.0	4110587.0	29429493.0	7121880.0
	10.0	11.0	12.0	13.0	14.0	15.0	16.0	17.0	18.0	19.0	20.0	21.0	22.0	23.0	24.0	25.0	26.0	27.0	28.0	29.0	30.0	31.0	32.0	33.0	34.0	35.0	36.0	37.0
5329_35_S98_L004_R2_001	2.0	67.0	2370.0	12487.0	20729.0	21362.0	20265.0	21808.0	28132.0	42977.0	68188.0	105111.0	146442.0	193753.0	241303.0	299850.0	352788.0	421121.0	485692.0	570970.0	665885.0	830662.0	1073698.0	1558277.0	2547374.0	6290080.0	28944158.0	3583726.0
	13.0	14.0	15.0	16.0	17.0	18.0	19.0	20.0	21.0	22.0	23.0	24.0	25.0	26.0	27.0	28.0	29.0	30.0	31.0	32.0	33.0	34.0	35.0	36.0	37.0
5329_36_S99_L004_R1_001	14.0	149.0	1178.0	2720.0	4553.0	7905.0	13929.0	22587.0	35882.0	53812.0	78309.0	108192.0	149821.0	197899.0	265634.0	346606.0	459387.0	579574.0	734845.0	910709.0	1212245.0	1710128.0	3482675.0	25704539.0	6721129.0
	11.0	12.0	13.0	14.0	15.0	16.0	17.0	18.0	19.0	20.0	21.0	22.0	23.0	24.0	25.0	26.0	27.0	28.0	29.0	30.0	31.0	32.0	33.0	34.0	35.0	36.0	37.0
5329_36_S99_L004_R2_001	65.0	1826.0	10451.0	18491.0	20010.0	18624.0	20214.0	25525.0	38148.0	59216.0	91331.0	127484.0	172792.0	219005.0	274411.0	327154.0	392463.0	450183.0	519536.0	597835.0	735365.0	944132.0	1352833.0	2166977.0	5299775.0	25614634.0	3305941.0
	13.0	14.0	15.0	16.0	17.0	18.0	19.0	20.0	21.0	22.0	23.0	24.0	25.0	26.0	27.0	28.0	29.0	30.0	31.0	32.0	33.0	34.0	35.0	36.0	37.0
5329_37_S100_L004_R1_001	22.0	176.0	977.0	2247.0	4157.0	7553.0	13856.0	23634.0	38873.0	58606.0	84982.0	116212.0	159297.0	208190.0	272893.0	347867.0	454354.0	568063.0	716542.0	886806.0	1173596.0	1667191.0	3446198.0	24962373.0	6313214.0
	10.0	11.0	12.0	13.0	14.0	15.0	16.0	17.0	18.0	19.0	20.0	21.0	22.0	23.0	24.0	25.0	26.0	27.0	28.0	29.0	30.0	31.0	32.0	33.0	34.0	35.0	36.0	37.0
5329_37_S100_L004_R2_001	1.0	71.0	1939.0	10623.0	16946.0	17798.0	17019.0	18649.0	23882.0	36367.0	55731.0	85744.0	118898.0	160230.0	203002.0	254799.0	303996.0	364512.0	421887.0	502661.0	590718.0	742126.0	960186.0	1397253.0	2295313.0	5668386.0	24473906.0	2785236.0
	13.0	14.0	15.0	16.0	17.0	18.0	19.0	20.0	21.0	22.0	23.0	24.0	25.0	26.0	27.0	28.0	29.0	30.0	31.0	32.0	33.0	34.0	35.0	36.0	37.0
5329_38_S101_L004_R1_001	31.0	212.0	1049.0	2614.0	4892.0	8958.0	16038.0	26046.0	41065.0	59505.0	84443.0	113589.0	155390.0	205152.0	276720.0	363126.0	484027.0	613318.0	779907.0	969931.0	1295405.0	1845666.0	3837375.0	27942767.0	6828649.0
	11.0	12.0	13.0	14.0	15.0	16.0	17.0	18.0	19.0	20.0	21.0	22.0	23.0	24.0	25.0	26.0	27.0	28.0	29.0	30.0	31.0	32.0	33.0	34.0	35.0	36.0	37.0
5329_38_S101_L004_R2_001	123.0	4315.0	16575.0	21158.0	19784.0	18259.0	20806.0	29249.0	47713.0	76558.0	116630.0	156103.0	202363.0	243966.0	293657.0	341749.0	403324.0	459691.0	539089.0	625268.0	779902.0	1001444.0	1443847.0	2338023.0	5692673.0	27253211.0	3810395.0
	12.0	13.0	14.0	15.0	16.0	17.0	18.0	19.0	20.0	21.0	22.0	23.0	24.0	25.0	26.0	27.0	28.0	29.0	30.0	31.0	32.0	33.0	34.0	35.0	36.0	37.0
5329_39_S102_L004_R1_001	2.0	36.0	237.0	1328.0	3069.0	5282.0	9693.0	17719.0	29150.0	44347.0	62997.0	85135.0	110389.0	149007.0	198640.0	272468.0	360236.0	481614.0	615330.0	783991.0	978865.0	1305500.0	1860601.0	3846113.0	28955178.0	7338165.0
	11.0	12.0	13.0	14.0	15.0	16.0	17.0	18.0	19.0	20.0	21.0	22.0	23.0	24.0	25.0	26.0	27.0	28.0	29.0	30.0	31.0	32.0	33.0	34.0	35.0	36.0	37.0
5329_39_S102_L004_R2_001	103.0	3350.0	14382.0	19478.0	18612.0	16907.0	19120.0	25033.0	39055.0	60681.0	92955.0	127685.0	172056.0	216292.0	272058.0	325731.0	392857.0	454303.0	530586.0	621120.0	778926.0	1011692.0	1471329.0	2400420.0	5920489.0	28683612.0	3826260.0
	13.0	14.0	15.0	16.0	17.0	18.0	19.0	20.0	21.0	22.0	23.0	24.0	25.0	26.0	27.0	28.0	29.0	30.0	31.0	32.0	33.0	34.0	35.0	36.0	37.0
5329_3_S66_L004_R1_001	26.0	269.0	1136.0	2759.0	5429.0	10236.0	17650.0	28975.0	46724.0	70164.0	99613.0	134265.0	180830.0	236900.0	315810.0	409847.0	534559.0	660610.0	825979.0	1018572.0	1348679.0	1896055.0	3821442.0	28370393.0	7337367.0
	10.0	11.0	12.0	13.0	14.0	15.0	16.0	17.0	18.0	19.0	20.0	21.0	22.0	23.0	24.0	25.0	26.0	27.0	28.0	29.0	30.0	31.0	32.0	33.0	34.0	35.0	36.0	37.0
5329_3_S66_L004_R2_001	1.0	87.0	2906.0	14129.0	21970.0	22537.0	20480.0	21864.0	26162.0	38068.0	57458.0	87496.0	121064.0	161778.0	203547.0	254807.0	303449.0	365933.0	425963.0	512309.0	601084.0	753592.0	973384.0	1402629.0	2260805.0	5507941.0	28849122.0	4363724.0
	13.0	14.0	15.0	16.0	17.0	18.0	19.0	20.0	21.0	22.0	23.0	24.0	25.0	26.0	27.0	28.0	29.0	30.0	31.0	32.0	33.0	34.0	35.0	36.0	37.0
5329_40_S103_L004_R1_001	37.0	283.0	1544.0	3407.0	5651.0	9910.0	17070.0	27939.0	42871.0	61084.0	84882.0	114341.0	156264.0	209380.0	284441.0	378331.0	508537.0	651077.0	834277.0	1040097.0	1392245.0	1983214.0	4102529.0	31237394.0	8093910.0
	11.0	12.0	13.0	14.0	15.0	16.0	17.0	18.0	19.0	20.0	21.0	22.0	23.0	24.0	25.0	26.0	27.0	28.0	29.0	30.0	31.0	32.0	33.0	34.0	35.0	36.0	37.0
5329_40_S103_L004_R2_001	75.0	3095.0	15553.0	23569.0	23225.0	21251.0	22456.0	28418.0	43454.0	66158.0	100542.0	136883.0	182034.0	228004.0	285529.0	337894.0	407655.0	471576.0	559718.0	660394.0	835391.0	1092239.0	1594483.0	2616909.0	6481030.0	30933995.0	4069185.0
	12.0	13.0	14.0	15.0	16.0	17.0	18.0	19.0	20.0	21.0	22.0	23.0	24.0	25.0	26.0	27.0	28.0	29.0	30.0	31.0	32.0	33.0	34.0	35.0	36.0	37.0
5329_41_S104_L004_R1_001	1.0	27.0	285.0	1301.0	2891.0	5007.0	9015.0	15686.0	25716.0	39138.0	55544.0	77320.0	102129.0	140328.0	189419.0	264304.0	354228.0	479954.0	615684.0	788390.0	985514.0	1317934.0	1880419.0	3888062.0	29029281.0	7260910.0
	11.0	12.0	13.0	14.0	15.0	16.0	17.0	18.0	19.0	20.0	21.0	22.0	23.0	24.0	25.0	26.0	27.0	28.0	29.0	30.0	31.0	32.0	33.0	34.0	35.0	36.0	37.0
5329_41_S104_L004_R2_001	59.0	2187.0	12299.0	21585.0	23973.0	22558.0	23769.0	27899.0	37883.0	56325.0	84375.0	115144.0	151464.0	190862.0	240598.0	292793.0	360020.0	423193.0	501415.0	587320.0	738727.0	964512.0	1410431.0	2317326.0	5738682.0	29132809.0	4050279.0
	13.0	14.0	15.0	16.0	17.0	18.0	19.0	20.0	21.0	22.0	23.0	24.0	25.0	26.0	27.0	28.0	29.0	30.0	31.0	32.0	33.0	34.0	35.0	36.0	37.0
5329_42_S105_L004_R1_001	20.0	249.0	1060.0	2529.0	4817.0	8709.0	15364.0	24966.0	38456.0	55582.0	79585.0	109266.0	151568.0	205240.0	285183.0	381296.0	512174.0	655045.0	840050.0	1051277.0	1408061.0	2011501.0	4172432.0	31560703.0	8101513.0
	10.0	11.0	12.0	13.0	14.0	15.0	16.0	17.0	18.0	19.0	20.0	21.0	22.0	23.0	24.0	25.0	26.0	27.0	28.0	29.0	30.0	31.0	32.0	33.0	34.0	35.0	36.0	37.0
5329_42_S105_L004_R2_001	2.0	55.0	2539.0	13422.0	20989.0	21259.0	19181.0	20125.0	25665.0	38125.0	60179.0	92145.0	127788.0	172583.0	220031.0	280657.0	339513.0	414694.0	481471.0	571123.0	671573.0	847149.0	1108022.0	1630482.0	2693883.0	6735037.0	31210420.0	3858534.0
	13.0	14.0	15.0	16.0	17.0	18.0	19.0	20.0	21.0	22.0	23.0	24.0	25.0	26.0	27.0	28.0	29.0	30.0	31.0	32.0	33.0	34.0	35.0	36.0	37.0
5329_43_S106_L004_R1_001	15.0	216.0	1062.0	2424.0	4222.0	7428.0	13531.0	22335.0	35982.0	51964.0	72318.0	96127.0	131044.0	175103.0	239158.0	315022.0	420097.0	536036.0	681181.0	847705.0	1131510.0	1618574.0	3361853.0	25063791.0	6204403.0
	10.0	11.0	12.0	13.0	14.0	15.0	16.0	17.0	18.0	19.0	20.0	21.0	22.0	23.0	24.0	25.0	26.0	27.0	28.0	29.0	30.0	31.0	32.0	33.0	34.0	35.0	36.0	37.0
5329_43_S106_L004_R2_001	1.0	51.0	2606.0	12379.0	18116.0	17944.0	16935.0	18861.0	24514.0	38293.0	58640.0	88671.0	118847.0	155948.0	193574.0	239990.0	285235.0	341219.0	395146.0	469361.0	552307.0	694997.0	906609.0	1325844.0	2181236.0	5421732.0	24530060.0	2923985.0
	12.0	13.0	14.0	15.0	16.0	17.0	18.0	19.0	20.0	21.0	22.0	23.0	24.0	25.0	26.0	27.0	28.0	29.0	30.0	31.0	32.0	33.0	34.0	35.0	36.0	37.0
5329_44_S107_L004_R1_001	1.0	45.0	384.0	1883.0	4416.0	8004.0	14752.0	25481.0	42139.0	66511.0	96427.0	136170.0	181437.0	247768.0	329800.0	451711.0	603294.0	813174.0	1038174.0	1328290.0	1654829.0	2219503.0	3171543.0	6558367.0	49180624.0	12410635.0
	10.0	11.0	12.0	13.0	14.0	15.0	16.0	17.0	18.0	19.0	20.0	21.0	22.0	23.0	24.0	25.0	26.0	27.0	28.0	29.0	30.0	31.0	32.0	33.0	34.0	35.0	36.0	37.0
5329_44_S107_L004_R2_001	1.0	104.0	3478.0	18052.0	28962.0	31030.0	29606.0	32833.0	44593.0	72294.0	116914.0	177169.0	238347.0	305922.0	375387.0	463732.0	552537.0	664294.0	770469.0	908314.0	1063086.0	1329688.0	1721889.0	2506054.0	4110518.0	10290671.0	48795651.0	5933767.0
	13.0	14.0	15.0	16.0	17.0	18.0	19.0	20.0	21.0	22.0	23.0	24.0	25.0	26.0	27.0	28.0	29.0	30.0	31.0	32.0	33.0	34.0	35.0	36.0	37.0
5329_45_S108_L004_R1_001	1.0	4.0	19.0	52.0	96.0	160.0	354.0	584.0	912.0	1327.0	1864.0	2471.0	3208.0	4275.0	6043.0	7759.0	10098.0	12574.0	16314.0	20136.0	26684.0	38279.0	78586.0	573959.0	143805.0
	11.0	12.0	13.0	14.0	15.0	16.0	17.0	18.0	19.0	20.0	21.0	22.0	23.0	24.0	25.0	26.0	27.0	28.0	29.0	30.0	31.0	32.0	33.0	34.0	35.0	36.0	37.0
5329_45_S108_L004_R2_001	3.0	72.0	338.0	559.0	486.0	417.0	453.0	612.0	858.0	1243.0	1898.0	2766.0	3498.0	4507.0	5574.0	6755.0	8028.0	9206.0	11062.0	13139.0	16176.0	21264.0	30596.0	49346.0	121142.0	566319.0	73247.0
	12.0	13.0	14.0	15.0	16.0	17.0	18.0	19.0	20.0	21.0	22.0	23.0	24.0	25.0	26.0	27.0	28.0	29.0	30.0	31.0	32.0	33.0	34.0	35.0	36.0	37.0
5329_46_S109_L004_R1_001	1.0	25.0	235.0	1542.0	3345.0	5243.0	8578.0	14598.0	24050.0	37791.0	55405.0	78216.0	104479.0	143709.0	191805.0	260574.0	343767.0	458222.0	581598.0	738364.0	919657.0	1228650.0	1752455.0	3664005.0	26408329.0	6196873.0
	9.0	10.0	11.0	12.0	13.0	14.0	15.0	16.0	17.0	18.0	19.0	20.0	21.0	22.0	23.0	24.0	25.0	26.0	27.0	28.0	29.0	30.0	31.0	32.0	33.0	34.0	35.0	36.0	37.0
5329_46_S109_L004_R2_001	1.0	0.0	69.0	3154.0	14648.0	20823.0	20230.0	18637.0	19594.0	25732.0	39266.0	60106.0	90196.0	122687.0	161788.0	201391.0	249994.0	295066.0	354476.0	408983.0	489365.0	575712.0	723592.0	939505.0	1371117.0	2244720.0	5553836.0	25916223.0	3300605.0
	13.0	14.0	15.0	16.0	17.0	18.0	19.0	20.0	21.0	22.0	23.0	24.0	25.0	26.0	27.0	28.0	29.0	30.0	31.0	32.0	33.0	34.0	35.0	36.0	37.0
5329_47_S110_L004_R1_001	12.0	193.0	1229.0	2999.0	5451.0	9996.0	18454.0	29853.0	46228.0	65564.0	90154.0	118692.0	161580.0	216938.0	299156.0	397705.0	530776.0	676270.0	857140.0	1068192.0	1425753.0	2036645.0	4188995.0	30579216.0	7734576.0
	10.0	11.0	12.0	13.0	14.0	15.0	16.0	17.0	18.0	19.0	20.0	21.0	22.0	23.0	24.0	25.0	26.0	27.0	28.0	29.0	30.0	31.0	32.0	33.0	34.0	35.0	36.0	37.0
5329_47_S110_L004_R2_001	1.0	58.0	2138.0	10958.0	16665.0	17058.0	16087.0	18226.0	24071.0	37628.0	59900.0	91821.0	127042.0	169289.0	214145.0	268835.0	322917.0	391490.0	459379.0	549122.0	648513.0	814572.0	1058358.0	1539994.0	2518149.0	6233457.0	30779340.0	4172554.0
	12.0	13.0	14.0	15.0	16.0	17.0	18.0	19.0	20.0	21.0	22.0	23.0	24.0	25.0	26.0	27.0	28.0	29.0	30.0	31.0	32.0	33.0	34.0	35.0	36.0	37.0
5329_48_S111_L004_R1_001	2.0	22.0	249.0	1242.0	2938.0	5176.0	9146.0	16666.0	27756.0	43334.0	61951.0	84643.0	112116.0	152034.0	200665.0	269638.0	354088.0	466754.0	592516.0	755377.0	938265.0	1255709.0	1785423.0	3694816.0	26986263.0	6785903.0
	11.0	12.0	13.0	14.0	15.0	16.0	17.0	18.0	19.0	20.0	21.0	22.0	23.0	24.0	25.0	26.0	27.0	28.0	29.0	30.0	31.0	32.0	33.0	34.0	35.0	36.0	37.0
5329_48_S111_L004_R2_001	75.0	3320.0	13747.0	19094.0	18200.0	17102.0	19551.0	26018.0	40352.0	62947.0	94342.0	129548.0	171733.0	214953.0	267206.0	315992.0	378023.0	436160.0	516845.0	608648.0	767700.0	1004980.0	1476507.0	2433613.0	5983314.0	26350702.0	3232020.0
	13.0	14.0	15.0	16.0	17.0	18.0	19.0	20.0	21.0	22.0	23.0	24.0	25.0	26.0	27.0	28.0	29.0	30.0	31.0	32.0	33.0	34.0	35.0	36.0	37.0
5329_49_S112_L004_R1_001	13.0	198.0	1099.0	2734.0	5242.0	9542.0	17443.0	28335.0	46651.0	68544.0	95852.0	126163.0	170414.0	226592.0	307549.0	406521.0	542281.0	677843.0	853483.0	1056143.0	1406386.0	1994624.0	4042110.0	29186393.0	7439328.0
	10.0	11.0	12.0	13.0	14.0	15.0	16.0	17.0	18.0	19.0	20.0	21.0	22.0	23.0	24.0	25.0	26.0	27.0	28.0	29.0	30.0	31.0	32.0	33.0	34.0	35.0	36.0	37.0
5329_49_S112_L004_R2_001	2.0	63.0	2317.0	10635.0	16017.0	16085.0	15170.0	16314.0	20352.0	30449.0	47289.0	72016.0	101902.0	138531.0	178039.0	227533.0	274298.0	335762.0	396730.0	479268.0	571318.0	724662.0	946220.0	1383282.0	2270139.0	5650833.0	30288739.0	4497518.0
	13.0	14.0	15.0	16.0	17.0	18.0	19.0	20.0	21.0	22.0	23.0	24.0	25.0	26.0	27.0	28.0	29.0	30.0	31.0	32.0	33.0	34.0	35.0	36.0	37.0
5329_4_S67_L004_R1_001	28.0	196.0	988.0	2298.0	3893.0	7418.0	13030.0	21777.0	35217.0	53541.0	79349.0	109274.0	151566.0	198655.0	265241.0	343193.0	452014.0	571505.0	728576.0	910951.0	1214906.0	1744580.0	3708467.0	26805988.0	5789649.0
	10.0	11.0	12.0	13.0	14.0	15.0	16.0	17.0	18.0	19.0	20.0	21.0	22.0	23.0	24.0	25.0	26.0	27.0	28.0	29.0	30.0	31.0	32.0	33.0	34.0	35.0	36.0	37.0
5329_4_S67_L004_R2_001	2.0	96.0	3376.0	14522.0	21799.0	21670.0	19360.0	19885.0	23749.0	33635.0	50280.0	77101.0	109660.0	148884.0	188664.0	236683.0	284990.0	351623.0	410994.0	483811.0	566009.0	717471.0	951102.0	1364655.0	2203520.0	5371540.0	25997588.0	3539631.0
	13.0	14.0	15.0	16.0	17.0	18.0	19.0	20.0	21.0	22.0	23.0	24.0	25.0	26.0	27.0	28.0	29.0	30.0	31.0	32.0	33.0	34.0	35.0	36.0	37.0
5329_50_S113_L004_R1_001	26.0	241.0	1924.0	3905.0	6102.0	10310.0	17668.0	28109.0	44604.0	65142.0	93195.0	126502.0	174156.0	229286.0	307614.0	403623.0	535181.0	676602.0	858863.0	1063920.0	1424011.0	2018633.0	4092941.0	30696210.0	8122046.0
	9.0	10.0	11.0	12.0	13.0	14.0	15.0	16.0	17.0	18.0	19.0	20.0	21.0	22.0	23.0	24.0	25.0	26.0	27.0	28.0	29.0	30.0	31.0	32.0	33.0	34.0	35.0	36.0	37.0
5329_50_S113_L004_R2_001	2.0	3.0	73.0	3767.0	18705.0	27492.0	26822.0	23529.0	23793.0	28624.0	41479.0	62359.0	93835.0	126612.0	165886.0	205936.0	256133.0	306081.0	369918.0	431489.0	511334.0	601915.0	756763.0	987987.0	1436532.0	2350029.0	5872789.0	31517680.0	4753247.0
	12.0	13.0	14.0	15.0	16.0	17.0	18.0	19.0	20.0	21.0	22.0	23.0	24.0	25.0	26.0	27.0	28.0	29.0	30.0	31.0	32.0	33.0	34.0	35.0	36.0	37.0
5329_51_S114_L004_R1_001	2.0	30.0	281.0	1549.0	3440.0	5724.0	10395.0	18199.0	29685.0	45969.0	66395.0	94206.0	129957.0	179404.0	234892.0	316286.0	417789.0	560208.0	718891.0	915653.0	1143701.0	1535709.0	2186120.0	4495494.0	33356335.0	8351871.0
	9.0	10.0	11.0	12.0	13.0	14.0	15.0	16.0	17.0	18.0	19.0	20.0	21.0	22.0	23.0	24.0	25.0	26.0	27.0	28.0	29.0	30.0	31.0	32.0	33.0	34.0	35.0	36.0	37.0
5329_51_S114_L004_R2_001	1.0	0.0	66.0	2588.0	12694.0	19310.0	19785.0	18802.0	20778.0	27318.0	42967.0	67877.0	104887.0	143597.0	188712.0	230535.0	284558.0	340820.0	413747.0	480652.0	561033.0	653490.0	824928.0	1081187.0	1567693.0	2556465.0	6324549.0	33737199.0	5091947.0
	12.0	13.0	14.0	15.0	16.0	17.0	18.0	19.0	20.0	21.0	22.0	23.0	24.0	25.0	26.0	27.0	28.0	29.0	30.0	31.0	32.0	33.0	34.0	35.0	36.0	37.0
5329_52_S115_L004_R1_001	1.0	20.0	259.0	1901.0	4455.0	7123.0	12135.0	20609.0	32163.0	49772.0	69282.0	95404.0	125300.0	171042.0	224220.0	303618.0	398942.0	530199.0	668763.0	848286.0	1048260.0	1398899.0	1984555.0	4032274.0	29062977.0	7133231.0
	11.0	12.0	13.0	14.0	15.0	16.0	17.0	18.0	19.0	20.0	21.0	22.0	23.0	24.0	25.0	26.0	27.0	28.0	29.0	30.0	31.0	32.0	33.0	34.0	35.0	36.0	37.0
5329_52_S115_L004_R2_001	80.0	3174.0	13803.0	18862.0	18049.0	17246.0	18672.0	23925.0	35711.0	55861.0	85055.0	117146.0	156542.0	196795.0	248519.0	294783.0	357350.0	417293.0	495129.0	583159.0	730677.0	947311.0	1372307.0	2232338.0	5529524.0	29641352.0	4613027.0
	12.0	13.0	14.0	15.0	16.0	17.0	18.0	19.0	20.0	21.0	22.0	23.0	24.0	25.0	26.0	27.0	28.0	29.0	30.0	31.0	32.0	33.0	34.0	35.0	36.0	37.0
5329_53_S116_L004_R1_001	1.0	29.0	263.0	1480.0	3604.0	6864.0	12554.0	21916.0	36181.0	59919.0	92152.0	134612.0	184675.0	254568.0	337042.0	452923.0	591083.0	778176.0	972811.0	1228317.0	1520509.0	2013433.0	2836299.0	5716030.0	41049719.0	10416347.0
	9.0	10.0	11.0	12.0	13.0	14.0	15.0	16.0	17.0	18.0	19.0	20.0	21.0	22.0	23.0	24.0	25.0	26.0	27.0	28.0	29.0	30.0	31.0	32.0	33.0	34.0	35.0	36.0	37.0
5329_53_S116_L004_R2_001	1.0	1.0	130.0	4608.0	20128.0	28352.0	27253.0	24392.0	25918.0	32494.0	50224.0	78576.0	120398.0	164192.0	217605.0	269781.0	336906.0	399389.0	481744.0	567126.0	674477.0	793964.0	995569.0	1294022.0	1882928.0	3086031.0	7788278.0	42886327.0	6470693.0
	12.0	13.0	14.0	15.0	16.0	17.0	18.0	19.0	20.0	21.0	22.0	23.0	24.0	25.0	26.0	27.0	28.0	29.0	30.0	31.0	32.0	33.0	34.0	35.0	36.0	37.0
5329_54_S117_L004_R1_001	1.0	24.0	315.0	1905.0	4531.0	7744.0	13879.0	22786.0	35690.0	54762.0	79758.0	111948.0	150842.0	211595.0	286505.0	394700.0	522927.0	698622.0	886654.0	1126180.0	1400544.0	1874383.0	2660804.0	5389616.0	40052875.0	10594978.0
	10.0	11.0	12.0	13.0	14.0	15.0	16.0	17.0	18.0	19.0	20.0	21.0	22.0	23.0	24.0	25.0	26.0	27.0	28.0	29.0	30.0	31.0	32.0	33.0	34.0	35.0	36.0	37.0
5329_54_S117_L004_R2_001	2.0	108.0	3889.0	19524.0	29307.0	28972.0	26457.0	27639.0	33849.0	49527.0	74875.0	112721.0	155214.0	208911.0	261354.0	331302.0	399413.0	486872.0	566948.0	666401.0	777586.0	976071.0	1270190.0	1845817.0	3014765.0	7511401.0	41221743.0	6483710.0
	12.0	13.0	14.0	15.0	16.0	17.0	18.0	19.0	20.0	21.0	22.0	23.0	24.0	25.0	26.0	27.0	28.0	29.0	30.0	31.0	32.0	33.0	34.0	35.0	36.0	37.0
5329_55_S118_L004_R1_001	1.0	24.0	292.0	1482.0	3242.0	5846.0	10644.0	18966.0	29735.0	45664.0	64581.0	89739.0	119661.0	163920.0	220477.0	302386.0	401785.0	536147.0	679281.0	863462.0	1072349.0	1440163.0	2035161.0	4059536.0	30570710.0	8711984.0
	11.0	12.0	13.0	14.0	15.0	16.0	17.0	18.0	19.0	20.0	21.0	22.0	23.0	24.0	25.0	26.0	27.0	28.0	29.0	30.0	31.0	32.0	33.0	34.0	35.0	36.0	37.0
5329_55_S118_L004_R2_001	47.0	1998.0	11034.0	18832.0	20049.0	18822.0	19638.0	23369.0	33934.0	51885.0	79632.0	110238.0	147260.0	186796.0	238907.0	291098.0	357512.0	420522.0	500107.0	588826.0	742154.0	961776.0	1401403.0	2305270.0	5835040.0	32200686.0	4880403.0
	13.0	14.0	15.0	16.0	17.0	18.0	19.0	20.0	21.0	22.0	23.0	24.0	25.0	26.0	27.0	28.0	29.0	30.0	31.0	32.0	33.0	34.0	35.0	36.0	37.0
5329_56_S119_L004_R1_001	24.0	251.0	1365.0	3234.0	5928.0	10670.0	19074.0	30870.0	47729.0	68515.0	94775.0	126312.0	176914.0	242565.0	339090.0	457442.0	616498.0	785811.0	998408.0	1249938.0	1679039.0	2378148.0	4850590.0	35783620.0	9350545.0
	11.0	12.0	13.0	14.0	15.0	16.0	17.0	18.0	19.0	20.0	21.0	22.0	23.0	24.0	25.0	26.0	27.0	28.0	29.0	30.0	31.0	32.0	33.0	34.0	35.0	36.0	37.0
5329_56_S119_L004_R2_001	118.0	4352.0	17607.0	22451.0	20531.0	17869.0	19368.0	24338.0	36401.0	56320.0	86719.0	119978.0	163081.0	207141.0	263465.0	320980.0	394029.0	460902.0	548056.0	647011.0	818338.0	1072962.0	1581927.0	2633523.0	6747034.0	37346379.0	5686475.0
	12.0	13.0	14.0	15.0	16.0	17.0	18.0	19.0	20.0	21.0	22.0	23.0	24.0	25.0	26.0	27.0	28.0	29.0	30.0	31.0	32.0	33.0	34.0	35.0	36.0	37.0
5329_57_S120_L004_R1_001	1.0	31.0	292.0	1813.0	4387.0	6610.0	11313.0	19098.0	30796.0	47919.0	68140.0	94050.0	123722.0	166788.0	219616.0	298924.0	392902.0	519359.0	657005.0	831944.0	1031084.0	1369038.0	1934288.0	3958982.0	28973705.0	7107563.0
	10.0	11.0	12.0	13.0	14.0	15.0	16.0	17.0	18.0	19.0	20.0	21.0	22.0	23.0	24.0	25.0	26.0	27.0	28.0	29.0	30.0	31.0	32.0	33.0	34.0	35.0	36.0	37.0
5329_57_S120_L004_R2_001	1.0	92.0	3979.0	16109.0	21843.0	20166.0	18495.0	19960.0	25810.0	38281.0	58430.0	88195.0	121592.0	162981.0	204980.0	258334.0	309574.0	374591.0	437370.0	514635.0	602750.0	752404.0	975259.0	1415489.0	2294986.0	5643270.0	29187205.0	4302589.0
	13.0	14.0	15.0	16.0	17.0	18.0	19.0	20.0	21.0	22.0	23.0	24.0	25.0	26.0	27.0	28.0	29.0	30.0	31.0	32.0	33.0	34.0	35.0	36.0	37.0
5329_58_S121_L004_R1_001	28.0	224.0	1329.0	3228.0	5864.0	10902.0	19169.0	30555.0	46236.0	65974.0	92057.0	123062.0	166452.0	218883.0	293631.0	387519.0	517011.0	654733.0	832441.0	1040880.0	1399001.0	1979557.0	3983490.0	29136451.0	7735294.0
	10.0	11.0	12.0	13.0	14.0	15.0	16.0	17.0	18.0	19.0	20.0	21.0	22.0	23.0	24.0	25.0	26.0	27.0	28.0	29.0	30.0	31.0	32.0	33.0	34.0	35.0	36.0	37.0
5329_58_S121_L004_R2_001	2.0	50.0	2318.0	12361.0	19527.0	19663.0	17740.0	18953.0	24192.0	37589.0	60198.0	91564.0	125118.0	163289.0	201100.0	250274.0	298144.0	359493.0	418497.0	497969.0	586791.0	740851.0	961730.0	1405764.0	2300020.0	5747868.0	29999823.0	4383083.0
	12.0	13.0	14.0	15.0	16.0	17.0	18.0	19.0	20.0	21.0	22.0	23.0	24.0	25.0	26.0	27.0	28.0	29.0	30.0	31.0	32.0	33.0	34.0	35.0	36.0	37.0
5329_59_S122_L004_R1_001	1.0	26.0	254.0	1183.0	2777.0	5089.0	9108.0	16372.0	28074.0	46809.0	71850.0	106432.0	145235.0	198095.0	258741.0	343436.0	446394.0	580789.0	715309.0	895022.0	1102722.0	1457897.0	2052706.0	4144272.0	29857946.0	7795437.0
	10.0	11.0	12.0	13.0	14.0	15.0	16.0	17.0	18.0	19.0	20.0	21.0	22.0	23.0	24.0	25.0	26.0	27.0	28.0	29.0	30.0	31.0	32.0	33.0	34.0	35.0	36.0	37.0
5329_59_S122_L004_R2_001	2.0	86.0	2956.0	13972.0	19796.0	19153.0	17001.0	17531.0	22339.0	34023.0	53842.0	82651.0	115594.0	156118.0	197551.0	249125.0	298924.0	364599.0	429276.0	513459.0	606792.0	760924.0	982765.0	1425933.0	2320722.0	5777194.0	31115569.0	4684079.0
	13.0	14.0	15.0	16.0	17.0	18.0	19.0	20.0	21.0	22.0	23.0	24.0	25.0	26.0	27.0	28.0	29.0	30.0	31.0	32.0	33.0	34.0	35.0	36.0	37.0
5329_5_S68_L004_R1_001	21.0	189.0	954.0	2178.0	4151.0	7374.0	12855.0	20129.0	31271.0	45406.0	62704.0	84384.0	117280.0	159250.0	222661.0	301422.0	405687.0	516259.0	658829.0	818845.0	1094099.0	1552377.0	3183356.0	23793610.0	6056227.0
	10.0	11.0	12.0	13.0	14.0	15.0	16.0	17.0	18.0	19.0	20.0	21.0	22.0	23.0	24.0	25.0	26.0	27.0	28.0	29.0	30.0	31.0	32.0	33.0	34.0	35.0	36.0	37.0
5329_5_S68_L004_R2_001	1.0	52.0	1792.0	9917.0	17114.0	17990.0	16607.0	17300.0	21077.0	30129.0	46425.0	70005.0	96922.0	128183.0	161418.0	204072.0	247927.0	304076.0	356189.0	422695.0	492637.0	614521.0	794698.0	1154425.0	1882834.0	4657935.0	23909214.0	3475363.0
	12.0	13.0	14.0	15.0	16.0	17.0	18.0	19.0	20.0	21.0	22.0	23.0	24.0	25.0	26.0	27.0	28.0	29.0	30.0	31.0	32.0	33.0	34.0	35.0	36.0	37.0
5329_60_S123_L004_R1_001	1.0	36.0	283.0	1963.0	4287.0	7029.0	12004.0	20140.0	31863.0	49779.0	72788.0	104284.0	141163.0	196195.0	262496.0	358930.0	477881.0	635347.0	803353.0	1019442.0	1263099.0	1677124.0	2361637.0	4771651.0	35192442.0	9250052.0
	10.0	11.0	12.0	13.0	14.0	15.0	16.0	17.0	18.0	19.0	20.0	21.0	22.0	23.0	24.0	25.0	26.0	27.0	28.0	29.0	30.0	31.0	32.0	33.0	34.0	35.0	36.0	37.0
5329_60_S123_L004_R2_001	1.0	52.0	2067.0	11787.0	19490.0	20118.0	19031.0	21210.0	29032.0	47386.0	78034.0	119142.0	157572.0	201589.0	242751.0	297250.0	352412.0	426111.0	501859.0	602563.0	715981.0	898403.0	1168783.0	1689850.0	2731302.0	6786713.0	36228240.0	5346540.0
	12.0	13.0	14.0	15.0	16.0	17.0	18.0	19.0	20.0	21.0	22.0	23.0	24.0	25.0	26.0	27.0	28.0	29.0	30.0	31.0	32.0	33.0	34.0	35.0	36.0	37.0
5329_61_S124_L004_R1_001	1.0	32.0	329.0	1891.0	4811.0	8126.0	14372.0	25020.0	41046.0	63932.0	92944.0	132225.0	176708.0	240819.0	318495.0	435861.0	579336.0	773193.0	976301.0	1244290.0	1549783.0	2074102.0	2959698.0	6076406.0	42501827.0	10167097.0
	10.0	11.0	12.0	13.0	14.0	15.0	16.0	17.0	18.0	19.0	20.0	21.0	22.0	23.0	24.0	25.0	26.0	27.0	28.0	29.0	30.0	31.0	32.0	33.0	34.0	35.0	36.0	37.0
5329_61_S124_L004_R2_001	1.0	133.0	4784.0	21877.0	32167.0	32412.0	29523.0	31625.0	39673.0	59601.0	93940.0	143995.0	195865.0	256140.0	309702.0	377329.0	444802.0	534573.0	624032.0	741610.0	866504.0	1081690.0	1401634.0	2028959.0	3300554.0	8219876.0	43233904.0	6351740.0
	13.0	14.0	15.0	16.0	17.0	18.0	19.0	20.0	21.0	22.0	23.0	24.0	25.0	26.0	27.0	28.0	29.0	30.0	31.0	32.0	33.0	34.0	35.0	36.0	37.0
5329_62_S125_L004_R1_001	47.0	420.0	1713.0	4176.0	8030.0	15001.0	27185.0	44362.0	70744.0	104210.0	150509.0	207426.0	292144.0	392361.0	529518.0	695222.0	920729.0	1160370.0	1472718.0	1830018.0	2447507.0	3465744.0	7067253.0	52776718.0	13898898.0
	10.0	11.0	12.0	13.0	14.0	15.0	16.0	17.0	18.0	19.0	20.0	21.0	22.0	23.0	24.0	25.0	26.0	27.0	28.0	29.0	30.0	31.0	32.0	33.0	34.0	35.0	36.0	37.0
5329_62_S125_L004_R2_001	2.0	233.0	8309.0	33037.0	42167.0	38631.0	34410.0	35784.0	45743.0	68495.0	106685.0	165107.0	230377.0	310308.0	391977.0	488307.0	580375.0	694435.0	798108.0	939914.0	1099323.0	1379731.0	1789680.0	2578036.0	4168545.0	10262241.0	53303300.0	7989763.0
	13.0	14.0	15.0	16.0	17.0	18.0	19.0	20.0	21.0	22.0	23.0	24.0	25.0	26.0	27.0	28.0	29.0	30.0	31.0	32.0	33.0	34.0	35.0	36.0	37.0
5329_63_S126_L004_R1_001	16.0	244.0	1462.0	3310.0	5834.0	10241.0	17806.0	28144.0	44408.0	66214.0	96290.0	133114.0	184305.0	244329.0	330021.0	430412.0	563136.0	702317.0	879489.0	1087017.0	1447384.0	2043506.0	4140977.0	29466680.0	7241741.0
	11.0	12.0	13.0	14.0	15.0	16.0	17.0	18.0	19.0	20.0	21.0	22.0	23.0	24.0	25.0	26.0	27.0	28.0	29.0	30.0	31.0	32.0	33.0	34.0	35.0	36.0	37.0
5329_63_S126_L004_R2_001	137.0	4142.0	15949.0	20925.0	19866.0	18062.0	19446.0	25562.0	38396.0	60275.0	92959.0	127917.0	169588.0	211874.0	260648.0	306861.0	365316.0	426165.0	505741.0	595588.0	745595.0	963177.0	1387736.0	2252254.0	5578111.0	30258243.0	4697864.0
	13.0	14.0	15.0	16.0	17.0	18.0	19.0	20.0	21.0	22.0	23.0	24.0	25.0	26.0	27.0	28.0	29.0	30.0	31.0	32.0	33.0	34.0	35.0	36.0	37.0
5329_6_S69_L004_R1_001	27.0	175.0	822.0	1953.0	3840.0	7100.0	12770.0	21207.0	33126.0	47696.0	65509.0	86720.0	117415.0	156305.0	212682.0	280023.0	373401.0	474524.0	603351.0	750339.0	1003839.0	1416007.0	2851364.0	21912519.0	6037488.0
	10.0	11.0	12.0	13.0	14.0	15.0	16.0	17.0	18.0	19.0	20.0	21.0	22.0	23.0	24.0	25.0	26.0	27.0	28.0	29.0	30.0	31.0	32.0	33.0	34.0	35.0	36.0	37.0
5329_6_S69_L004_R2_001	2.0	36.0	1855.0	10307.0	15757.0	16321.0	14604.0	15325.0	18720.0	27561.0	42178.0	64653.0	90002.0	121398.0	155597.0	197787.0	239084.0	290221.0	336174.0	395652.0	460420.0	576410.0	745307.0	1081912.0	1762334.0	4359983.0	22327173.0	3103429.0
	13.0	14.0	15.0	16.0	17.0	18.0	19.0	20.0	21.0	22.0	23.0	24.0	25.0	26.0	27.0	28.0	29.0	30.0	31.0	32.0	33.0	34.0	35.0	36.0	37.0
5329_7_S70_L004_R1_001	6.0	85.0	752.0	2094.0	4399.0	8723.0	15688.0	24876.0	39562.0	58319.0	84465.0	112959.0	153275.0	199034.0	265283.0	343176.0	442551.0	542889.0	671075.0	829581.0	1100645.0	1526578.0	2999736.0	21319760.0	5668357.0
	10.0	11.0	12.0	13.0	14.0	15.0	16.0	17.0	18.0	19.0	20.0	21.0	22.0	23.0	24.0	25.0	26.0	27.0	28.0	29.0	30.0	31.0	32.0	33.0	34.0	35.0	36.0	37.0
5329_7_S70_L004_R2_001	1.0	68.0	2174.0	10034.0	14506.0	13327.0	11623.0	12004.0	15107.0	22695.0	36943.0	57832.0	82823.0	115298.0	149985.0	190938.0	229953.0	277490.0	324823.0	388336.0	456799.0	569706.0	734574.0	1057280.0	1701639.0	4181902.0	22446293.0	3309715.0
	12.0	13.0	14.0	15.0	16.0	17.0	18.0	19.0	20.0	21.0	22.0	23.0	24.0	25.0	26.0	27.0	28.0	29.0	30.0	31.0	32.0	33.0	34.0	35.0	36.0	37.0
5329_8_S71_L004_R1_001	1.0	29.0	228.0	1212.0	2918.0	5642.0	10088.0	17567.0	28689.0	44339.0	62633.0	87563.0	117242.0	162416.0	219243.0	301232.0	396466.0	525678.0	664935.0	842850.0	1043583.0	1395434.0	1970011.0	3946855.0	28815972.0	7887628.0
	10.0	11.0	12.0	13.0	14.0	15.0	16.0	17.0	18.0	19.0	20.0	21.0	22.0	23.0	24.0	25.0	26.0	27.0	28.0	29.0	30.0	31.0	32.0	33.0	34.0	35.0	36.0	37.0
5329_8_S71_L004_R2_001	1.0	86.0	4346.0	20948.0	29777.0	28255.0	24628.0	24250.0	27861.0	39393.0	59210.0	87858.0	119152.0	156807.0	194768.0	243839.0	292035.0	354313.0	414431.0	491431.0	575421.0	719622.0	931552.0	1350710.0	2195465.0	5427916.0	29933226.0	4803153.0
	12.0	13.0	14.0	15.0	16.0	17.0	18.0	19.0	20.0	21.0	22.0	23.0	24.0	25.0	26.0	27.0	28.0	29.0	30.0	31.0	32.0	33.0	34.0	35.0	36.0	37.0
5329_9_S72_L004_R1_001	1.0	24.0	258.0	1443.0	3589.0	6357.0	11864.0	21274.0	35968.0	58501.0	85827.0	118401.0	153290.0	203930.0	266435.0	357341.0	465250.0	613013.0	763928.0	960298.0	1186209.0	1573106.0	2226579.0	4516193.0	32169192.0	8066883.0
	10.0	11.0	12.0	13.0	14.0	15.0	16.0	17.0	18.0	19.0	20.0	21.0	22.0	23.0	24.0	25.0	26.0	27.0	28.0	29.0	30.0	31.0	32.0	33.0	34.0	35.0	36.0	37.0
5329_9_S72_L004_R2_001	1.0	88.0	2638.0	13497.0	21906.0	24170.0	23375.0	25949.0	32943.0	48994.0	75413.0	113505.0	155235.0	207467.0	259496.0	322063.0	379105.0	454677.0	526149.0	621216.0	731335.0	913255.0	1178805.0	1705337.0	2756083.0	6701960.0	32267385.0	4303107.0

