Sample	FastQC_mqc-generalstats-fastqc-percent_duplicates	FastQC_mqc-generalstats-fastqc-percent_gc	FastQC_mqc-generalstats-fastqc-avg_sequence_length	FastQC_mqc-generalstats-fastqc-percent_fails	FastQC_mqc-generalstats-fastqc-total_sequences
5010_10_S10_L003_R1_001	76.5421089372817	51.0	157.0	18.181818181818183	55408961.0
5010_10_S10_L003_R2_001	73.15118606227878	50.0	157.0	27.27272727272727	55408961.0
5010_11_S11_L003_R1_001	75.85055374947612	50.0	157.0	18.181818181818183	51561411.0
5010_11_S11_L003_R2_001	72.84650408764989	50.0	157.0	27.27272727272727	51561411.0
5010_12_S12_L003_R1_001	77.1529051649605	52.0	157.0	18.181818181818183	49700639.0
5010_12_S12_L003_R2_001	72.99060316613132	51.0	157.0	27.27272727272727	49700639.0
5010_13_S13_L003_R1_001	77.31225538273146	52.0	157.0	18.181818181818183	51961921.0
5010_13_S13_L003_R2_001	73.11780924901524	51.0	157.0	27.27272727272727	51961921.0
5010_14_S14_L003_R1_001	78.30317441939137	52.0	157.0	18.181818181818183	61742397.0
5010_14_S14_L003_R2_001	74.3307782473305	51.0	157.0	27.27272727272727	61742397.0
5010_15_S15_L003_R1_001	76.80246070250253	51.0	157.0	18.181818181818183	51035645.0
5010_15_S15_L003_R2_001	72.19050243677309	50.0	157.0	27.27272727272727	51035645.0
5010_16_S16_L003_R1_001	76.71278728702862	51.0	157.0	18.181818181818183	50303860.0
5010_16_S16_L003_R2_001	72.11964887335095	50.0	157.0	27.27272727272727	50303860.0
5010_17_S17_L003_R1_001	75.49983934618476	51.0	157.0	18.181818181818183	53035213.0
5010_17_S17_L003_R2_001	71.23529273062252	51.0	157.0	27.27272727272727	53035213.0
5010_18_S18_L003_R1_001	76.06144677591999	52.0	157.0	18.181818181818183	45857954.0
5010_18_S18_L003_R2_001	71.95716366368859	51.0	157.0	27.27272727272727	45857954.0
5010_19_S19_L003_R1_001	77.41742918554047	52.0	157.0	18.181818181818183	41083020.0
5010_19_S19_L003_R2_001	72.66344830206546	51.0	157.0	27.27272727272727	41083020.0
5010_1_S1_L003_R1_001	78.20746224889467	52.0	157.0	18.181818181818183	44879741.0
5010_1_S1_L003_R2_001	73.64877115798083	51.0	157.0	27.27272727272727	44879741.0
5010_20_S20_L003_R1_001	75.1075142410837	52.0	157.0	18.181818181818183	42582408.0
5010_20_S20_L003_R2_001	70.73529806151848	51.0	157.0	27.27272727272727	42582408.0
5010_21_S21_L003_R1_001	73.66360016568211	51.0	157.0	18.181818181818183	42804254.0
5010_21_S21_L003_R2_001	69.29371891650025	51.0	157.0	27.27272727272727	42804254.0
5010_22_S22_L003_R1_001	75.30967045799642	51.0	157.0	27.27272727272727	42605646.0
5010_22_S22_L003_R2_001	71.0514719625823	51.0	157.0	36.36363636363637	42605646.0
5010_23_S23_L003_R1_001	75.49644410176123	52.0	157.0	18.181818181818183	41607940.0
5010_23_S23_L003_R2_001	70.64320733759529	51.0	157.0	27.27272727272727	41607940.0
5010_24_S24_L003_R1_001	75.39270308048518	51.0	157.0	18.181818181818183	47897445.0
5010_24_S24_L003_R2_001	70.4094761179789	51.0	157.0	27.27272727272727	47897445.0
5010_25_S25_L003_R1_001	76.52596956858784	52.0	157.0	18.181818181818183	48179776.0
5010_25_S25_L003_R2_001	71.90098436722909	51.0	157.0	27.27272727272727	48179776.0
5010_26_S26_L003_R1_001	73.74803994626134	51.0	157.0	18.181818181818183	46528496.0
5010_26_S26_L003_R2_001	68.6575070548998	50.0	157.0	27.27272727272727	46528496.0
5010_27_S27_L003_R1_001	76.47580649976052	52.0	157.0	18.181818181818183	47440576.0
5010_27_S27_L003_R2_001	71.1188258571771	51.0	157.0	27.27272727272727	47440576.0
5010_28_S28_L003_R1_001	75.8108977604692	52.0	157.0	18.181818181818183	41031607.0
5010_28_S28_L003_R2_001	71.25631850444995	51.0	157.0	27.27272727272727	41031607.0
5010_29_S29_L003_R1_001	75.93159640900413	51.0	157.0	18.181818181818183	42932016.0
5010_29_S29_L003_R2_001	70.73781325014703	50.0	157.0	27.27272727272727	42932016.0
5010_2_S2_L003_R1_001	75.01885278694206	52.0	157.0	18.181818181818183	44908621.0
5010_2_S2_L003_R2_001	70.64793328427353	51.0	157.0	27.27272727272727	44908621.0
5010_30_S30_L003_R1_001	78.67248828654161	52.0	157.0	18.181818181818183	43521633.0
5010_30_S30_L003_R2_001	74.60061574085499	50.0	157.0	27.27272727272727	43521633.0
5010_31_S31_L003_R1_001	75.80016198664927	52.0	157.0	18.181818181818183	46361134.0
5010_31_S31_L003_R2_001	71.04711816234084	52.0	157.0	27.27272727272727	46361134.0
5010_32_S32_L003_R1_001	75.21981590771267	51.0	157.0	18.181818181818183	46336582.0
5010_32_S32_L003_R2_001	71.36073471617217	50.0	157.0	27.27272727272727	46336582.0
5010_33_S33_L003_R1_001	78.50240793666227	51.0	157.0	18.181818181818183	47637142.0
5010_33_S33_L003_R2_001	74.10498379462051	50.0	157.0	27.27272727272727	47637142.0
5010_34_S34_L003_R1_001	77.663654922381	51.0	157.0	18.181818181818183	45277844.0
5010_34_S34_L003_R2_001	73.18249620331395	50.0	157.0	27.27272727272727	45277844.0
5010_35_S35_L003_R1_001	76.94296026054062	51.0	157.0	18.181818181818183	47422459.0
5010_35_S35_L003_R2_001	72.70795331186284	50.0	157.0	27.27272727272727	47422459.0
5010_36_S36_L003_R1_001	78.81777110273333	51.0	157.0	18.181818181818183	41902980.0
5010_36_S36_L003_R2_001	76.91776473639992	50.0	157.0	27.27272727272727	41902980.0
5010_37_S37_L003_R1_001	75.22512730329831	51.0	157.0	18.181818181818183	40872346.0
5010_37_S37_L003_R2_001	70.11266828711479	50.0	157.0	27.27272727272727	40872346.0
5010_38_S38_L003_R1_001	75.12636306580005	51.0	157.0	18.181818181818183	44670454.0
5010_38_S38_L003_R2_001	70.97369271792203	50.0	157.0	27.27272727272727	44670454.0
5010_39_S39_L003_R1_001	77.16752879181645	52.0	157.0	18.181818181818183	45646895.0
5010_39_S39_L003_R2_001	72.71639293896197	51.0	157.0	27.27272727272727	45646895.0
5010_3_S3_L003_R1_001	75.7677840462158	52.0	157.0	18.181818181818183	46182073.0
5010_3_S3_L003_R2_001	71.12944421250837	51.0	157.0	27.27272727272727	46182073.0
5010_40_S40_L003_R1_001	76.70094294731649	52.0	157.0	18.181818181818183	50007325.0
5010_40_S40_L003_R2_001	72.15308860001505	51.0	157.0	27.27272727272727	50007325.0
5010_41_S41_L003_R1_001	75.81051612070591	52.0	157.0	18.181818181818183	46697081.0
5010_41_S41_L003_R2_001	71.64519802022717	51.0	157.0	27.27272727272727	46697081.0
5010_42_S42_L003_R1_001	76.9450317860794	52.0	157.0	18.181818181818183	50425793.0
5010_42_S42_L003_R2_001	72.59511405458564	51.0	157.0	27.27272727272727	50425793.0
5010_43_S43_L003_R1_001	74.56636939883855	51.0	157.0	18.181818181818183	40294830.0
5010_43_S43_L003_R2_001	69.75834430198758	50.0	157.0	27.27272727272727	40294830.0
5010_44_S44_L003_R1_001	80.81009719735201	51.0	157.0	18.181818181818183	80185160.0
5010_44_S44_L003_R2_001	76.56795979648997	50.0	157.0	27.27272727272727	80185160.0
5010_45_S45_L003_R1_001	47.38775526597827	52.0	157.0	9.090909090909092	933380.0
5010_45_S45_L003_R2_001	42.1933889553473	51.0	157.0	18.181818181818183	933380.0
5010_46_S46_L003_R1_001	72.6980393074372	50.0	157.0	18.181818181818183	42507894.0
5010_46_S46_L003_R2_001	68.36049471165596	50.0	157.0	27.27272727272727	42507894.0
5010_47_S47_L003_R1_001	75.77977207135365	51.0	157.0	18.181818181818183	49653774.0
5010_47_S47_L003_R2_001	72.6236876368118	51.0	157.0	27.27272727272727	49653774.0
5010_48_S48_L003_R1_001	75.28839339782185	52.0	157.0	18.181818181818183	42995669.0
5010_48_S48_L003_R2_001	70.28401622196242	51.0	157.0	27.27272727272727	42995669.0
5010_49_S49_L003_R1_001	76.0828565507798	52.0	157.0	27.27272727272727	48311675.0
5010_49_S49_L003_R2_001	72.35471788080389	51.0	157.0	36.36363636363637	48311675.0
5010_4_S4_L003_R1_001	77.81743168061607	51.0	157.0	9.090909090909092	41256981.0
5010_4_S4_L003_R2_001	73.7626927475253	51.0	157.0	18.181818181818183	41256981.0
5010_50_S50_L003_R1_001	76.87740064908837	51.0	157.0	27.27272727272727	48674255.0
5010_50_S50_L003_R2_001	72.82127002037919	51.0	157.0	36.36363636363637	48674255.0
5010_51_S51_L003_R1_001	78.08632179273602	51.0	157.0	27.27272727272727	54498829.0
5010_51_S51_L003_R2_001	74.8401331236767	50.0	157.0	36.36363636363637	54498829.0
5010_52_S52_L003_R1_001	74.5132304569397	51.0	157.0	27.27272727272727	47459600.0
5010_52_S52_L003_R2_001	71.09162696287628	50.0	157.0	36.36363636363637	47459600.0
5010_53_S53_L003_R1_001	78.45761514838784	52.0	157.0	18.181818181818183	67585152.0
5010_53_S53_L003_R2_001	74.63051488181881	51.0	157.0	27.27272727272727	67585152.0
5010_54_S54_L003_R1_001	77.85514155991986	51.0	157.0	27.27272727272727	66156863.0
5010_54_S54_L003_R2_001	74.37213100861639	50.0	157.0	36.36363636363637	66156863.0
5010_55_S55_L003_R1_001	76.67845720648455	52.0	157.0	27.27272727272727	50551250.0
5010_55_S55_L003_R2_001	72.56560963828377	51.0	157.0	36.36363636363637	50551250.0
5010_56_S56_L003_R1_001	77.49232431267343	51.0	157.0	27.27272727272727	59300536.0
5010_56_S56_L003_R2_001	74.55663014717534	50.0	157.0	36.36363636363637	59300536.0
5010_57_S57_L003_R1_001	76.4063365230628	51.0	157.0	18.181818181818183	47314399.0
5010_57_S57_L003_R2_001	72.7796012387362	51.0	157.0	27.27272727272727	47314399.0
5010_58_S58_L003_R1_001	75.0408261419519	51.0	157.0	27.27272727272727	47506945.0
5010_58_S58_L003_R2_001	71.5164116815916	51.0	157.0	36.36363636363637	47506945.0
5010_59_S59_L003_R1_001	76.80531797320475	52.0	157.0	18.181818181818183	49385673.0
5010_59_S59_L003_R2_001	72.904786519054	51.0	157.0	27.27272727272727	49385673.0
5010_5_S5_L003_R1_001	75.04838793272651	51.0	157.0	18.181818181818183	37927326.0
5010_5_S5_L003_R2_001	70.83831243649355	51.0	157.0	27.27272727272727	37927326.0
5010_60_S60_L003_R1_001	79.60154930764489	51.0	157.0	27.27272727272727	56752778.0
5010_60_S60_L003_R2_001	75.98965832998967	50.0	157.0	36.36363636363637	56752778.0
5010_61_S61_L003_R1_001	78.59123600268222	51.0	157.0	18.181818181818183	68385401.0
5010_61_S61_L003_R2_001	74.82104349110003	50.0	157.0	27.27272727272727	68385401.0
5010_62_S62_L003_R1_001	81.73456827597042	52.0	157.0	18.181818181818183	86724829.0
5010_62_S62_L003_R2_001	77.8507329165195	51.0	157.0	27.27272727272727	86724829.0
5010_63_S63_L003_R1_001	76.26856062421207	51.0	157.0	27.27272727272727	49051862.0
5010_63_S63_L003_R2_001	72.87081555730231	51.0	157.0	36.36363636363637	49051862.0
5010_6_S6_L003_R1_001	74.92536843650545	52.0	157.0	18.181818181818183	35392606.0
5010_6_S6_L003_R2_001	70.62134668340133	51.0	157.0	27.27272727272727	35392606.0
5010_7_S7_L003_R1_001	77.22470306400831	53.0	157.0	27.27272727272727	36178982.0
5010_7_S7_L003_R2_001	73.14000360278216	52.0	157.0	36.36363636363637	36178982.0
5010_8_S8_L003_R1_001	74.5480941130071	52.0	157.0	27.27272727272727	47256543.0
5010_8_S8_L003_R2_001	70.82862451273454	51.0	157.0	36.36363636363637	47256543.0
5010_9_S9_L003_R1_001	75.84787259727719	51.0	157.0	18.181818181818183	54332594.0
5010_9_S9_L003_R2_001	71.45671145362678	50.0	157.0	27.27272727272727	54332594.0
5329_10_S73_L004_R1_001	76.80605574745309	51.0	157.0	27.27272727272727	55320097.0
5329_10_S73_L004_R2_001	73.70922114920978	50.0	157.0	27.27272727272727	55320097.0
5329_11_S74_L004_R1_001	76.6132347513047	50.0	157.0	27.27272727272727	53822440.0
5329_11_S74_L004_R2_001	73.96921059231578	49.0	157.0	27.27272727272727	53822440.0
5329_12_S75_L004_R1_001	77.37280781878509	52.0	157.0	27.27272727272727	49892106.0
5329_12_S75_L004_R2_001	73.48963110340202	51.0	157.0	27.27272727272727	49892106.0
5329_13_S76_L004_R1_001	77.80895808815022	52.0	157.0	27.27272727272727	52069857.0
5329_13_S76_L004_R2_001	73.50820248476268	51.0	157.0	27.27272727272727	52069857.0
5329_14_S77_L004_R1_001	78.66082285149406	52.0	157.0	27.27272727272727	61992570.0
5329_14_S77_L004_R2_001	74.95684202582609	51.0	157.0	27.27272727272727	61992570.0
5329_15_S78_L004_R1_001	77.00633751867217	51.0	157.0	27.27272727272727	50452782.0
5329_15_S78_L004_R2_001	72.67774351482748	50.0	157.0	27.27272727272727	50452782.0
5329_16_S79_L004_R1_001	77.15461517858913	51.0	157.0	27.27272727272727	50017032.0
5329_16_S79_L004_R2_001	72.89898621435768	50.0	157.0	27.27272727272727	50017032.0
5329_17_S80_L004_R1_001	76.08244190676504	51.0	157.0	27.27272727272727	53533577.0
5329_17_S80_L004_R2_001	71.89872647793972	51.0	157.0	27.27272727272727	53533577.0
5329_18_S81_L004_R1_001	76.65386106776114	52.0	157.0	27.27272727272727	46666868.0
5329_18_S81_L004_R2_001	72.27678352131207	51.0	157.0	27.27272727272727	46666868.0
5329_19_S82_L004_R1_001	77.80549443766304	52.0	157.0	27.27272727272727	41478472.0
5329_19_S82_L004_R2_001	73.19643498678245	51.0	157.0	27.27272727272727	41478472.0
5329_1_S64_L004_R1_001	78.58099864790316	52.0	157.0	27.27272727272727	45513072.0
5329_1_S64_L004_R2_001	74.23979618639392	51.0	157.0	27.27272727272727	45513072.0
5329_20_S83_L004_R1_001	75.42523608034054	52.0	157.0	27.27272727272727	42720788.0
5329_20_S83_L004_R2_001	71.24841935443757	51.0	157.0	27.27272727272727	42720788.0
5329_21_S84_L004_R1_001	74.24453755991121	51.0	157.0	27.27272727272727	43721813.0
5329_21_S84_L004_R2_001	69.82918557947987	51.0	157.0	27.27272727272727	43721813.0
5329_22_S85_L004_R1_001	75.62824438041864	51.0	157.0	36.36363636363637	42602403.0
5329_22_S85_L004_R2_001	71.54529900094612	50.0	157.0	36.36363636363637	42602403.0
5329_23_S86_L004_R1_001	75.97455272473287	52.0	157.0	27.27272727272727	42604003.0
5329_23_S86_L004_R2_001	71.75562503608896	51.0	157.0	27.27272727272727	42604003.0
5329_24_S87_L004_R1_001	75.76875345807656	51.0	157.0	27.27272727272727	48189313.0
5329_24_S87_L004_R2_001	71.11063568011916	51.0	157.0	27.27272727272727	48189313.0
5329_25_S88_L004_R1_001	77.25399371002358	52.0	157.0	27.27272727272727	49150199.0
5329_25_S88_L004_R2_001	72.77882798942103	50.0	157.0	27.27272727272727	49150199.0
5329_26_S89_L004_R1_001	74.40215911725143	51.0	157.0	27.27272727272727	48123789.0
5329_26_S89_L004_R2_001	69.81423253735305	50.0	157.0	27.27272727272727	48123789.0
5329_27_S90_L004_R1_001	76.84841872558242	52.0	157.0	27.27272727272727	47875009.0
5329_27_S90_L004_R2_001	71.77587748277342	51.0	157.0	27.27272727272727	47875009.0
5329_28_S91_L004_R1_001	76.16460768352876	52.0	157.0	27.27272727272727	41203485.0
5329_28_S91_L004_R2_001	71.81595284505644	51.0	157.0	27.27272727272727	41203485.0
5329_29_S92_L004_R1_001	76.35278462006478	51.0	157.0	27.27272727272727	43949052.0
5329_29_S92_L004_R2_001	71.61901001653767	50.0	157.0	27.27272727272727	43949052.0
5329_2_S65_L004_R1_001	75.57602561333552	52.0	157.0	27.27272727272727	45842491.0
5329_2_S65_L004_R2_001	71.3288350075164	51.0	157.0	27.27272727272727	45842491.0
5329_30_S93_L004_R1_001	79.44525114064922	52.0	157.0	27.27272727272727	44461313.0
5329_30_S93_L004_R2_001	75.55461260380416	50.0	157.0	27.27272727272727	44461313.0
5329_31_S94_L004_R1_001	76.25765277348304	52.0	157.0	27.27272727272727	47447645.0
5329_31_S94_L004_R2_001	71.72139252940548	52.0	157.0	27.27272727272727	47447645.0
5329_32_S95_L004_R1_001	75.94603955299658	51.0	157.0	27.27272727272727	48848952.0
5329_32_S95_L004_R2_001	72.47411358009921	50.0	157.0	27.27272727272727	48848952.0
5329_33_S96_L004_R1_001	78.9325963869442	51.0	157.0	27.27272727272727	47471859.0
5329_33_S96_L004_R2_001	74.63114438692114	50.0	157.0	27.27272727272727	47471859.0
5329_34_S97_L004_R1_001	78.17507889055327	51.0	157.0	27.27272727272727	45815825.0
5329_34_S97_L004_R2_001	73.85722005957518	50.0	157.0	27.27272727272727	45815825.0
5329_35_S98_L004_R1_001	77.58379282691358	51.0	157.0	27.27272727272727	48549277.0
5329_35_S98_L004_R2_001	73.44026522114487	50.0	157.0	27.27272727272727	48549277.0
5329_36_S99_L004_R1_001	79.37895555452502	51.0	157.0	27.27272727272727	42804421.0
5329_36_S99_L004_R2_001	77.7424004614904	50.0	157.0	27.27272727272727	42804421.0
5329_37_S100_L004_R1_001	75.51249429696344	51.0	157.0	27.27272727272727	41527879.0
5329_37_S100_L004_R2_001	70.57174178142888	50.0	157.0	27.27272727272727	41527879.0
5329_38_S101_L004_R1_001	75.88208391854889	51.0	157.0	27.27272727272727	45955875.0
5329_38_S101_L004_R2_001	71.99583553345704	50.0	157.0	27.27272727272727	45955875.0
5329_39_S102_L004_R1_001	77.63349728014565	52.0	157.0	27.27272727272727	47515092.0
5329_39_S102_L004_R2_001	73.38101064971094	51.0	157.0	27.27272727272727	47515092.0
5329_3_S66_L004_R1_001	76.4127429787859	52.0	157.0	27.27272727272727	47374289.0
5329_3_S66_L004_R2_001	72.03047714507014	51.0	157.0	27.27272727272727	47374289.0
5329_40_S103_L004_R1_001	77.36166469669185	52.0	157.0	27.27272727272727	51240715.0
5329_40_S103_L004_R2_001	72.84599450851907	51.0	157.0	27.27272727272727	51240715.0
5329_41_S104_L004_R1_001	76.30986108145053	52.0	157.0	27.27272727272727	47528487.0
5329_41_S104_L004_R2_001	72.39127662475937	51.0	157.0	27.27272727272727	47528487.0
5329_42_S105_L004_R1_001	77.50895490698748	52.0	157.0	27.27272727272727	51676646.0
5329_42_S105_L004_R2_001	73.3030549334391	51.0	157.0	27.27272727272727	51676646.0
5329_43_S106_L004_R1_001	75.18019531669586	51.0	157.0	27.27272727272727	41033101.0
5329_43_S106_L004_R2_001	70.59610945063706	50.0	157.0	27.27272727272727	41033101.0
5329_44_S107_L004_R1_001	81.19432123893318	51.0	157.0	27.27272727272727	80585362.0
5329_44_S107_L004_R2_001	77.03048076142863	50.0	157.0	27.27272727272727	80585362.0
5329_45_S108_L004_R1_001	48.259074465377736	52.0	157.0	18.181818181818183	949564.0
5329_45_S108_L004_R2_001	43.15460808980707	51.0	157.0	18.181818181818183	949564.0
5329_46_S109_L004_R1_001	73.15222403984129	50.0	157.0	27.27272727272727	43221516.0
5329_46_S109_L004_R2_001	69.00373250796969	50.0	157.0	27.27272727272727	43221516.0
5329_47_S110_L004_R1_001	76.1546927657367	51.0	157.0	27.27272727272727	50561767.0
5329_47_S110_L004_R2_001	73.33622212212526	51.0	157.0	27.27272727272727	50561767.0
5329_48_S111_L004_R1_001	76.11509618365072	52.0	157.0	27.27272727272727	44602692.0
5329_48_S111_L004_R2_001	71.43071597546881	51.0	157.0	27.27272727272727	44602692.0
5329_49_S112_L004_R1_001	76.42785321982281	52.0	157.0	27.27272727272727	48711483.0
5329_49_S112_L004_R2_001	72.8672949596783	51.0	157.0	36.36363636363637	48711483.0
5329_4_S67_L004_R1_001	78.64025746272705	51.0	157.0	18.181818181818183	43212300.0
5329_4_S67_L004_R2_001	74.6570124584003	50.0	157.0	18.181818181818183	43212300.0
5329_50_S113_L004_R1_001	77.55478726340624	51.0	157.0	36.36363636363637	51000814.0
5329_50_S113_L004_R2_001	73.73633871572116	51.0	157.0	36.36363636363637	51000814.0
5329_51_S114_L004_R1_001	78.475334240065	51.0	157.0	27.27272727272727	54818185.0
5329_51_S114_L004_R2_001	75.2436073400085	50.0	157.0	36.36363636363637	54818185.0
5329_52_S115_L004_R1_001	75.26060020717094	51.0	157.0	36.36363636363637	48223690.0
5329_52_S115_L004_R2_001	72.1406617420619	50.0	157.0	36.36363636363637	48223690.0
5329_53_S116_L004_R1_001	79.00307981355817	52.0	157.0	27.27272727272727	68721507.0
5329_53_S116_L004_R2_001	75.22896238828052	51.0	157.0	27.27272727272727	68721507.0
5329_54_S117_L004_R1_001	78.17024567438203	51.0	157.0	36.36363636363637	66584568.0
5329_54_S117_L004_R2_001	74.65618285726626	50.0	157.0	36.36363636363637	66584568.0
5329_55_S118_L004_R1_001	77.0874261447494	52.0	157.0	36.36363636363637	51447238.0
5329_55_S118_L004_R2_001	73.2538156384953	51.0	157.0	36.36363636363637	51447238.0
5329_56_S119_L004_R1_001	77.99040118968395	51.0	157.0	36.36363636363637	59317355.0
5329_56_S119_L004_R2_001	74.99663730391698	50.0	157.0	36.36363636363637	59317355.0
5329_57_S120_L004_R1_001	76.79118758699572	51.0	157.0	27.27272727272727	47869370.0
5329_57_S120_L004_R2_001	73.456737365432	51.0	157.0	27.27272727272727	47869370.0
5329_58_S121_L004_R1_001	75.488005261103	51.0	157.0	36.36363636363637	48743971.0
5329_58_S121_L004_R2_001	72.36631104022698	51.0	157.0	36.36363636363637	48743971.0
5329_59_S122_L004_R1_001	77.25906720440814	52.0	157.0	27.27272727272727	50281976.0
5329_59_S122_L004_R2_001	73.54414411203987	51.0	157.0	27.27272727272727	50281976.0
5329_5_S68_L004_R1_001	75.77642737863987	51.0	157.0	27.27272727272727	39151518.0
5329_5_S68_L004_R2_001	71.76521284633277	51.0	157.0	27.27272727272727	39151518.0
5329_60_S123_L004_R1_001	80.2372616357391	51.0	157.0	36.36363636363637	58715269.0
5329_60_S123_L004_R2_001	76.93502720561504	50.0	157.0	36.36363636363637	58715269.0
5329_61_S124_L004_R1_001	79.31628414730613	51.0	157.0	27.27272727272727	70458645.0
5329_61_S124_L004_R2_001	75.6370448069817	50.0	157.0	27.27272727272727	70458645.0
5329_62_S125_L004_R1_001	82.14529306229235	52.0	157.0	27.27272727272727	87583023.0
5329_62_S125_L004_R2_001	78.4642041876883	51.0	157.0	27.27272727272727	87583023.0
5329_63_S126_L004_R1_001	76.57024753490616	51.0	157.0	36.36363636363637	49168397.0
5329_63_S126_L004_R2_001	73.29068702723447	51.0	157.0	36.36363636363637	49168397.0
5329_6_S69_L004_R1_001	75.65418653103579	52.0	157.0	27.27272727272727	36470202.0
5329_6_S69_L004_R2_001	71.48794163951428	51.0	157.0	27.27272727272727	36470202.0
5329_7_S70_L004_R1_001	77.66540460094626	53.0	157.0	36.36363636363637	36413868.0
5329_7_S70_L004_R2_001	73.6936966629012	52.0	157.0	36.36363636363637	36413868.0
5329_8_S71_L004_R1_001	75.10546126223774	52.0	157.0	36.36363636363637	48550454.0
5329_8_S71_L004_R2_001	71.53428156291577	51.0	157.0	36.36363636363637	48550454.0
5329_9_S72_L004_R1_001	76.14684676261925	51.0	157.0	27.27272727272727	53865154.0
5329_9_S72_L004_R2_001	71.86329431704709	50.0	157.0	27.27272727272727	53865154.0
