	13.0	14.0	15.0	16.0	17.0	18.0	19.0	20.0	21.0	22.0	23.0	24.0	25.0	26.0	27.0	28.0	29.0	30.0	31.0	32.0	33.0	34.0	35.0	36.0	37.0
sample_1.trimmed.R1.v1	5.0	128.0	626.0	2059.0	4836.0	10398.0	20214.0	36036.0	61085.0	92779.0	133182.0	185071.0	259926.0	356449.0	495610.0	673886.0	908945.0	1172099.0	1494951.0	1859672.0	2448833.0	3480146.0	7038353.0	54252115.0	15280851.0
	11.0	12.0	13.0	14.0	15.0	16.0	17.0	18.0	19.0	20.0	21.0	22.0	23.0	24.0	25.0	26.0	27.0	28.0	29.0	30.0	31.0	32.0	33.0	34.0	35.0	36.0	37.0
sample_1.trimmed.R2.v1	17.0	1291.0	10343.0	23135.0	30487.0	32025.0	36119.0	46789.0	71403.0	116687.0	182378.0	251716.0	328978.0	408564.0	512123.0	619160.0	751852.0	875387.0	1015964.0	1179747.0	1464168.0	1895218.0	2722250.0	4394998.0	10587230.0	53700273.0	9009953.0
	13.0	14.0	15.0	16.0	17.0	18.0	19.0	20.0	21.0	22.0	23.0	24.0	25.0	26.0	27.0	28.0	29.0	30.0	31.0	32.0	33.0	34.0	35.0	36.0	37.0
sample_10.trimmed.R1.v1	8.0	108.0	733.0	2297.0	5717.0	12898.0	27068.0	50969.0	94307.0	154782.0	235827.0	334775.0	455367.0	587578.0	771219.0	1012351.0	1325412.0	1634159.0	2026083.0	2498672.0	3261329.0	4633180.0	9459093.0	65952667.0	16044791.0
	11.0	12.0	13.0	14.0	15.0	16.0	17.0	18.0	19.0	20.0	21.0	22.0	23.0	24.0	25.0	26.0	27.0	28.0	29.0	30.0	31.0	32.0	33.0	34.0	35.0	36.0	37.0
sample_10.trimmed.R2.v1	17.0	1264.0	9625.0	20401.0	26701.0	29200.0	35126.0	49037.0	80227.0	135091.0	217864.0	313273.0	424328.0	533977.0	660025.0	783278.0	933853.0	1091230.0	1295736.0	1526717.0	1896027.0	2439848.0	3500799.0	5680079.0	13764103.0	65427491.0	9706073.0
	13.0	14.0	15.0	16.0	17.0	18.0	19.0	20.0	21.0	22.0	23.0	24.0	25.0	26.0	27.0	28.0	29.0	30.0	31.0	32.0	33.0	34.0	35.0	36.0	37.0
sample_11.trimmed.R1.v1	11.0	118.0	814.0	2698.0	6723.0	14234.0	28627.0	52546.0	93568.0	152164.0	230457.0	322822.0	436376.0	564034.0	745737.0	980923.0	1288473.0	1598087.0	1986043.0	2442549.0	3182342.0	4517591.0	9175753.0	62005748.0	15400534.0
	11.0	12.0	13.0	14.0	15.0	16.0	17.0	18.0	19.0	20.0	21.0	22.0	23.0	24.0	25.0	26.0	27.0	28.0	29.0	30.0	31.0	32.0	33.0	34.0	35.0	36.0	37.0
sample_11.trimmed.R2.v1	14.0	1257.0	9954.0	21937.0	28922.0	31691.0	36909.0	49740.0	78289.0	127463.0	204717.0	296877.0	403799.0	513943.0	637170.0	754106.0	900693.0	1052222.0	1238135.0	1445301.0	1769673.0	2251135.0	3191321.0	5133857.0	12438808.0	62706071.0	9904968.0
	13.0	14.0	15.0	16.0	17.0	18.0	19.0	20.0	21.0	22.0	23.0	24.0	25.0	26.0	27.0	28.0	29.0	30.0	31.0	32.0	33.0	34.0	35.0	36.0	37.0
sample_12.trimmed.R1.v1	5.0	119.0	714.0	2260.0	5365.0	11683.0	23877.0	43711.0	74217.0	109625.0	157280.0	216045.0	299772.0	407937.0	562993.0	760857.0	1023458.0	1321168.0	1685715.0	2103719.0	2777418.0	3952383.0	8045809.0	60171062.0	15679697.0
	11.0	12.0	13.0	14.0	15.0	16.0	17.0	18.0	19.0	20.0	21.0	22.0	23.0	24.0	25.0	26.0	27.0	28.0	29.0	30.0	31.0	32.0	33.0	34.0	35.0	36.0	37.0
sample_12.trimmed.R2.v1	30.0	1950.0	13359.0	24540.0	28780.0	30255.0	34876.0	45611.0	72130.0	114866.0	179546.0	255328.0	346604.0	445524.0	562717.0	685097.0	825518.0	961567.0	1126572.0	1324353.0	1650517.0	2136147.0	3091358.0	5054870.0	12394156.0	59605132.0	8425486.0
	13.0	14.0	15.0	16.0	17.0	18.0	19.0	20.0	21.0	22.0	23.0	24.0	25.0	26.0	27.0	28.0	29.0	30.0	31.0	32.0	33.0	34.0	35.0	36.0	37.0
sample_13.trimmed.R1.v1	7.0	111.0	707.0	2254.0	5508.0	11757.0	23778.0	44502.0	77782.0	120603.0	177268.0	243147.0	333873.0	446049.0	613762.0	826161.0	1109107.0	1419978.0	1804694.0	2245270.0	2962662.0	4232521.0	8643462.0	62766032.0	15789410.0
	11.0	12.0	13.0	14.0	15.0	16.0	17.0	18.0	19.0	20.0	21.0	22.0	23.0	24.0	25.0	26.0	27.0	28.0	29.0	30.0	31.0	32.0	33.0	34.0	35.0	36.0	37.0
sample_13.trimmed.R2.v1	15.0	1265.0	9283.0	19184.0	23706.0	25566.0	30163.0	40509.0	65286.0	109164.0	174894.0	256890.0	355333.0	460390.0	578705.0	696933.0	841017.0	983417.0	1152205.0	1342057.0	1662106.0	2145251.0	3085428.0	5015535.0	12279915.0	62592839.0	9953349.0
	13.0	14.0	15.0	16.0	17.0	18.0	19.0	20.0	21.0	22.0	23.0	24.0	25.0	26.0	27.0	28.0	29.0	30.0	31.0	32.0	33.0	34.0	35.0	36.0	37.0
sample_14.trimmed.R1.v1	7.0	98.0	608.0	2122.0	5671.0	13158.0	28159.0	51569.0	89185.0	136901.0	196811.0	273477.0	380813.0	518792.0	719040.0	971318.0	1308407.0	1677553.0	2128428.0	2638213.0	3450282.0	4866504.0	9666090.0	72960362.0	21504531.0
	11.0	12.0	13.0	14.0	15.0	16.0	17.0	18.0	19.0	20.0	21.0	22.0	23.0	24.0	25.0	26.0	27.0	28.0	29.0	30.0	31.0	32.0	33.0	34.0	35.0	36.0	37.0
sample_14.trimmed.R2.v1	22.0	1472.0	11740.0	25556.0	31619.0	33150.0	36067.0	45436.0	68510.0	112316.0	179233.0	258821.0	355706.0	462065.0	586388.0	716645.0	868946.0	1030819.0	1232577.0	1459222.0	1822537.0	2364626.0	3400235.0	5528057.0	13601472.0	75527229.0	13827633.0
	13.0	14.0	15.0	16.0	17.0	18.0	19.0	20.0	21.0	22.0	23.0	24.0	25.0	26.0	27.0	28.0	29.0	30.0	31.0	32.0	33.0	34.0	35.0	36.0	37.0
sample_15.trimmed.R1.v1	5.0	102.0	773.0	2332.0	5520.0	12088.0	23816.0	42886.0	72639.0	109637.0	161179.0	222785.0	309287.0	417961.0	579101.0	781760.0	1051987.0	1353321.0	1727649.0	2148754.0	2822283.0	4000033.0	8091220.0	60792783.0	16634276.0
	11.0	12.0	13.0	14.0	15.0	16.0	17.0	18.0	19.0	20.0	21.0	22.0	23.0	24.0	25.0	26.0	27.0	28.0	29.0	30.0	31.0	32.0	33.0	34.0	35.0	36.0	37.0
sample_15.trimmed.R2.v1	13.0	1062.0	8589.0	19442.0	25383.0	29102.0	34480.0	45771.0	71459.0	116069.0	184065.0	261941.0	350034.0	442382.0	551865.0	663592.0	799390.0	938590.0	1109642.0	1302315.0	1618264.0	2093875.0	3010948.0	4895372.0	11922594.0	60868191.0	9999747.0
	13.0	14.0	15.0	16.0	17.0	18.0	19.0	20.0	21.0	22.0	23.0	24.0	25.0	26.0	27.0	28.0	29.0	30.0	31.0	32.0	33.0	34.0	35.0	36.0	37.0
sample_16.trimmed.R1.v1	11.0	133.0	764.0	2452.0	5588.0	11796.0	22677.0	39751.0	67021.0	103370.0	154804.0	218577.0	307398.0	419149.0	580879.0	782787.0	1054579.0	1356687.0	1733796.0	2154345.0	2846550.0	4045408.0	8213305.0	60143593.0	15933701.0
	11.0	12.0	13.0	14.0	15.0	16.0	17.0	18.0	19.0	20.0	21.0	22.0	23.0	24.0	25.0	26.0	27.0	28.0	29.0	30.0	31.0	32.0	33.0	34.0	35.0	36.0	37.0
sample_16.trimmed.R2.v1	13.0	936.0	8351.0	19812.0	26530.0	29719.0	34402.0	44216.0	66652.0	105471.0	167104.0	237890.0	325033.0	418038.0	534141.0	654019.0	800646.0	945976.0	1115449.0	1303185.0	1619117.0	2093350.0	3041145.0	4994297.0	12336311.0	60219120.0	9058198.0
	13.0	14.0	15.0	16.0	17.0	18.0	19.0	20.0	21.0	22.0	23.0	24.0	25.0	26.0	27.0	28.0	29.0	30.0	31.0	32.0	33.0	34.0	35.0	36.0	37.0
sample_17.trimmed.R1.v1	7.0	69.0	669.0	2096.0	5155.0	11559.0	23766.0	43789.0	78431.0	129279.0	197716.0	277503.0	384166.0	516643.0	699192.0	931743.0	1234069.0	1540479.0	1914415.0	2353351.0	3073690.0	4358225.0	8779894.0	63396115.0	16474609.0
	11.0	12.0	13.0	14.0	15.0	16.0	17.0	18.0	19.0	20.0	21.0	22.0	23.0	24.0	25.0	26.0	27.0	28.0	29.0	30.0	31.0	32.0	33.0	34.0	35.0	36.0	37.0
sample_17.trimmed.R2.v1	26.0	1565.0	10946.0	22441.0	27608.0	29385.0	33863.0	44777.0	69166.0	112513.0	177450.0	254466.0	347305.0	445892.0	563046.0	675039.0	812106.0	957678.0	1148717.0	1371592.0	1718509.0	2220665.0	3196346.0	5186803.0	12586339.0	63818707.0	10593680.0
	12.0	13.0	14.0	15.0	16.0	17.0	18.0	19.0	20.0	21.0	22.0	23.0	24.0	25.0	26.0	27.0	28.0	29.0	30.0	31.0	32.0	33.0	34.0	35.0	36.0	37.0
sample_18.trimmed.R1.v1	1.0	8.0	101.0	700.0	2070.0	5235.0	11002.0	21914.0	39870.0	69687.0	110307.0	163421.0	231362.0	323971.0	438964.0	597204.0	795334.0	1056593.0	1329826.0	1660570.0	2042997.0	2669551.0	3769369.0	7563049.0	54542049.0	14932686.0
	11.0	12.0	13.0	14.0	15.0	16.0	17.0	18.0	19.0	20.0	21.0	22.0	23.0	24.0	25.0	26.0	27.0	28.0	29.0	30.0	31.0	32.0	33.0	34.0	35.0	36.0	37.0
sample_18.trimmed.R2.v1	19.0	1617.0	11721.0	23875.0	29423.0	30686.0	34212.0	42983.0	65501.0	105960.0	165976.0	233581.0	308342.0	387079.0	476485.0	565806.0	679516.0	798391.0	947464.0	1108262.0	1362944.0	1744713.0	2491165.0	4025970.0	9856337.0	56205437.0	10674376.0
	13.0	14.0	15.0	16.0	17.0	18.0	19.0	20.0	21.0	22.0	23.0	24.0	25.0	26.0	27.0	28.0	29.0	30.0	31.0	32.0	33.0	34.0	35.0	36.0	37.0
sample_19.trimmed.R1.v1	4.0	98.0	675.0	1805.0	4205.0	9042.0	18663.0	32936.0	55877.0	83684.0	121193.0	168572.0	239284.0	325998.0	454724.0	618066.0	835752.0	1078439.0	1377277.0	1713288.0	2258864.0	3216197.0	6512250.0	49637088.0	13698035.0
	11.0	12.0	13.0	14.0	15.0	16.0	17.0	18.0	19.0	20.0	21.0	22.0	23.0	24.0	25.0	26.0	27.0	28.0	29.0	30.0	31.0	32.0	33.0	34.0	35.0	36.0	37.0
sample_19.trimmed.R2.v1	11.0	910.0	7488.0	17137.0	22120.0	24021.0	27689.0	36344.0	57235.0	94327.0	150058.0	210359.0	278742.0	353809.0	442210.0	535238.0	648335.0	762948.0	906986.0	1068655.0	1334360.0	1734136.0	2505855.0	4098452.0	9940837.0	49223100.0	7980654.0
	13.0	14.0	15.0	16.0	17.0	18.0	19.0	20.0	21.0	22.0	23.0	24.0	25.0	26.0	27.0	28.0	29.0	30.0	31.0	32.0	33.0	34.0	35.0	36.0	37.0
sample_2.trimmed.R1.v1	7.0	86.0	650.0	2016.0	5106.0	10880.0	22332.0	42121.0	79132.0	132668.0	206076.0	295875.0	409122.0	529116.0	684775.0	880798.0	1132524.0	1377343.0	1683507.0	2053422.0	2648437.0	3704792.0	7303812.0	52352771.0	15053616.0
	11.0	12.0	13.0	14.0	15.0	16.0	17.0	18.0	19.0	20.0	21.0	22.0	23.0	24.0	25.0	26.0	27.0	28.0	29.0	30.0	31.0	32.0	33.0	34.0	35.0	36.0	37.0
sample_2.trimmed.R2.v1	9.0	1395.0	11006.0	24143.0	30554.0	31918.0	34823.0	43283.0	64194.0	102333.0	160742.0	225929.0	303296.0	384829.0	479062.0	571056.0	685380.0	804461.0	961775.0	1147686.0	1423266.0	1833780.0	2621716.0	4230599.0	10264981.0	54637614.0	9531154.0
	13.0	14.0	15.0	16.0	17.0	18.0	19.0	20.0	21.0	22.0	23.0	24.0	25.0	26.0	27.0	28.0	29.0	30.0	31.0	32.0	33.0	34.0	35.0	36.0	37.0
sample_20.trimmed.R1.v1	8.0	90.0	559.0	1899.0	4505.0	9756.0	19951.0	36327.0	63635.0	98193.0	143962.0	200758.0	278148.0	375000.0	516057.0	689401.0	919846.0	1171497.0	1477851.0	1828738.0	2396862.0	3391819.0	6813909.0	50579752.0	14147429.0
	11.0	12.0	13.0	14.0	15.0	16.0	17.0	18.0	19.0	20.0	21.0	22.0	23.0	24.0	25.0	26.0	27.0	28.0	29.0	30.0	31.0	32.0	33.0	34.0	35.0	36.0	37.0
sample_20.trimmed.R2.v1	30.0	1810.0	10689.0	19293.0	22561.0	24271.0	28724.0	38126.0	58266.0	94340.0	147672.0	210981.0	288117.0	366681.0	459468.0	548196.0	656064.0	769615.0	909592.0	1076192.0	1338180.0	1720273.0	2474780.0	4024402.0	9880123.0	51354116.0	8643390.0
	13.0	14.0	15.0	16.0	17.0	18.0	19.0	20.0	21.0	22.0	23.0	24.0	25.0	26.0	27.0	28.0	29.0	30.0	31.0	32.0	33.0	34.0	35.0	36.0	37.0
sample_21.trimmed.R1.v1	4.0	102.0	739.0	2369.0	5288.0	11103.0	21759.0	38910.0	67507.0	105956.0	156908.0	219698.0	303914.0	408443.0	554874.0	741661.0	984689.0	1254212.0	1584371.0	1955326.0	2556964.0	3612742.0	7200230.0	50985014.0	13621999.0
	11.0	12.0	13.0	14.0	15.0	16.0	17.0	18.0	19.0	20.0	21.0	22.0	23.0	24.0	25.0	26.0	27.0	28.0	29.0	30.0	31.0	32.0	33.0	34.0	35.0	36.0	37.0
sample_21.trimmed.R2.v1	9.0	1349.0	9813.0	21058.0	26943.0	29004.0	33361.0	42724.0	64936.0	103998.0	162406.0	229044.0	306788.0	389166.0	483252.0	575767.0	691145.0	813291.0	968249.0	1137189.0	1407926.0	1797293.0	2548508.0	4081291.0	9835736.0	51594296.0	9040240.0
	13.0	14.0	15.0	16.0	17.0	18.0	19.0	20.0	21.0	22.0	23.0	24.0	25.0	26.0	27.0	28.0	29.0	30.0	31.0	32.0	33.0	34.0	35.0	36.0	37.0
sample_22.trimmed.R1.v1	9.0	116.0	595.0	1911.0	4394.0	9492.0	18159.0	32974.0	55306.0	83940.0	124370.0	177789.0	253238.0	348777.0	484094.0	653768.0	880265.0	1131750.0	1440524.0	1790964.0	2360338.0	3346724.0	6760843.0	50860232.0	14251958.0
	11.0	12.0	13.0	14.0	15.0	16.0	17.0	18.0	19.0	20.0	21.0	22.0	23.0	24.0	25.0	26.0	27.0	28.0	29.0	30.0	31.0	32.0	33.0	34.0	35.0	36.0	37.0
sample_22.trimmed.R2.v1	9.0	1363.0	10038.0	20171.0	24527.0	25332.0	28422.0	36488.0	56724.0	91888.0	144698.0	205670.0	273926.0	349537.0	439846.0	531674.0	643875.0	753211.0	892914.0	1059203.0	1324541.0	1716269.0	2479428.0	4035857.0	9828458.0	50878850.0	9219611.0
	13.0	14.0	15.0	16.0	17.0	18.0	19.0	20.0	21.0	22.0	23.0	24.0	25.0	26.0	27.0	28.0	29.0	30.0	31.0	32.0	33.0	34.0	35.0	36.0	37.0
sample_23.trimmed.R1.v1	3.0	74.0	654.0	2037.0	5011.0	10520.0	21069.0	36537.0	60856.0	90531.0	127729.0	174910.0	241689.0	330167.0	463451.0	635191.0	861313.0	1116669.0	1428657.0	1781738.0	2352469.0	3348834.0	6809274.0	50711744.0	13489010.0
	11.0	12.0	13.0	14.0	15.0	16.0	17.0	18.0	19.0	20.0	21.0	22.0	23.0	24.0	25.0	26.0	27.0	28.0	29.0	30.0	31.0	32.0	33.0	34.0	35.0	36.0	37.0
sample_23.trimmed.R2.v1	12.0	1215.0	9211.0	18191.0	23044.0	24587.0	29016.0	39309.0	63064.0	103232.0	162105.0	222668.0	286288.0	351098.0	432129.0	516551.0	623264.0	735029.0	875905.0	1035338.0	1296404.0	1684927.0	2428978.0	3963977.0	9695761.0	50766486.0	8712348.0
	13.0	14.0	15.0	16.0	17.0	18.0	19.0	20.0	21.0	22.0	23.0	24.0	25.0	26.0	27.0	28.0	29.0	30.0	31.0	32.0	33.0	34.0	35.0	36.0	37.0
sample_24.trimmed.R1.v1	10.0	113.0	808.0	2345.0	5313.0	11807.0	24421.0	44998.0	81428.0	132671.0	201847.0	286061.0	393996.0	519829.0	688427.0	905751.0	1195109.0	1469407.0	1798981.0	2206030.0	2851845.0	3994164.0	7863391.0	55752654.0	15527759.0
	11.0	12.0	13.0	14.0	15.0	16.0	17.0	18.0	19.0	20.0	21.0	22.0	23.0	24.0	25.0	26.0	27.0	28.0	29.0	30.0	31.0	32.0	33.0	34.0	35.0	36.0	37.0
sample_24.trimmed.R2.v1	17.0	942.0	8489.0	20231.0	28209.0	31673.0	36470.0	45996.0	69827.0	112658.0	178407.0	255226.0	346500.0	444823.0	556469.0	666269.0	799779.0	938998.0	1118832.0	1320712.0	1636896.0	2101053.0	2996719.0	4811650.0	11508567.0	56779183.0	9144570.0
	13.0	14.0	15.0	16.0	17.0	18.0	19.0	20.0	21.0	22.0	23.0	24.0	25.0	26.0	27.0	28.0	29.0	30.0	31.0	32.0	33.0	34.0	35.0	36.0	37.0
sample_25.trimmed.R1.v1	8.0	107.0	1031.0	2999.0	6601.0	13455.0	26245.0	46735.0	79177.0	119318.0	173523.0	240462.0	327733.0	438750.0	595057.0	790561.0	1052590.0	1339538.0	1695863.0	2099998.0	2759000.0	3913079.0	7916555.0	58286926.0	15248998.0
	11.0	12.0	13.0	14.0	15.0	16.0	17.0	18.0	19.0	20.0	21.0	22.0	23.0	24.0	25.0	26.0	27.0	28.0	29.0	30.0	31.0	32.0	33.0	34.0	35.0	36.0	37.0
sample_25.trimmed.R2.v1	27.0	1938.0	11659.0	20909.0	25706.0	28460.0	34581.0	48487.0	76088.0	123908.0	192139.0	271240.0	363072.0	459294.0	571442.0	679604.0	813748.0	943508.0	1109004.0	1302926.0	1609528.0	2063722.0	2964956.0	4816669.0	11786493.0	57994176.0	8861025.0
	13.0	14.0	15.0	16.0	17.0	18.0	19.0	20.0	21.0	22.0	23.0	24.0	25.0	26.0	27.0	28.0	29.0	30.0	31.0	32.0	33.0	34.0	35.0	36.0	37.0
sample_26.trimmed.R1.v1	5.0	115.0	1100.0	2585.0	5406.0	10730.0	21160.0	38131.0	66158.0	103923.0	154197.0	216425.0	303182.0	407954.0	554292.0	740612.0	992424.0	1278577.0	1630471.0	2030773.0	2681819.0	3818949.0	7787722.0	57235228.0	14458399.0
	11.0	12.0	13.0	14.0	15.0	16.0	17.0	18.0	19.0	20.0	21.0	22.0	23.0	24.0	25.0	26.0	27.0	28.0	29.0	30.0	31.0	32.0	33.0	34.0	35.0	36.0	37.0
sample_26.trimmed.R2.v1	16.0	665.0	6550.0	17456.0	25658.0	30439.0	36442.0	48886.0	76120.0	123513.0	193083.0	267426.0	352397.0	438602.0	545542.0	653664.0	786310.0	922181.0	1095825.0	1301884.0	1629370.0	2115819.0	3060775.0	4983493.0	12140475.0	56080638.0	7607108.0
	13.0	14.0	15.0	16.0	17.0	18.0	19.0	20.0	21.0	22.0	23.0	24.0	25.0	26.0	27.0	28.0	29.0	30.0	31.0	32.0	33.0	34.0	35.0	36.0	37.0
sample_27.trimmed.R1.v1	3.0	99.0	774.0	2313.0	5286.0	10986.0	21842.0	40293.0	72966.0	117366.0	182197.0	264912.0	374904.0	492653.0	650902.0	838558.0	1087642.0	1361400.0	1705133.0	2093692.0	2728547.0	3840984.0	7728115.0	56459227.0	15099151.0
	11.0	12.0	13.0	14.0	15.0	16.0	17.0	18.0	19.0	20.0	21.0	22.0	23.0	24.0	25.0	26.0	27.0	28.0	29.0	30.0	31.0	32.0	33.0	34.0	35.0	36.0	37.0
sample_27.trimmed.R2.v1	15.0	1192.0	9125.0	19796.0	25651.0	27952.0	32727.0	44492.0	70015.0	115128.0	185629.0	270065.0	373929.0	484141.0	606469.0	721630.0	856164.0	999085.0	1182274.0	1394361.0	1729963.0	2230347.0	3199018.0	5172940.0	12478452.0	55580534.0	7368851.0
	13.0	14.0	15.0	16.0	17.0	18.0	19.0	20.0	21.0	22.0	23.0	24.0	25.0	26.0	27.0	28.0	29.0	30.0	31.0	32.0	33.0	34.0	35.0	36.0	37.0
sample_28.trimmed.R1.v1	6.0	85.0	512.0	1539.0	3813.0	8356.0	16903.0	32572.0	58975.0	96827.0	146436.0	207063.0	287754.0	382427.0	516522.0	685386.0	908912.0	1151110.0	1460308.0	1809184.0	2372375.0	3367262.0	6833087.0	49298452.0	12486186.0
	11.0	12.0	13.0	14.0	15.0	16.0	17.0	18.0	19.0	20.0	21.0	22.0	23.0	24.0	25.0	26.0	27.0	28.0	29.0	30.0	31.0	32.0	33.0	34.0	35.0	36.0	37.0
sample_28.trimmed.R2.v1	19.0	1046.0	7221.0	14883.0	18170.0	20039.0	23914.0	33167.0	54367.0	92126.0	149430.0	214849.0	292203.0	370854.0	465015.0	557201.0	669070.0	786758.0	935754.0	1106343.0	1377966.0	1774359.0	2551034.0	4151298.0	10160482.0	49063582.0	7240902.0
	13.0	14.0	15.0	16.0	17.0	18.0	19.0	20.0	21.0	22.0	23.0	24.0	25.0	26.0	27.0	28.0	29.0	30.0	31.0	32.0	33.0	34.0	35.0	36.0	37.0
sample_29.trimmed.R1.v1	5.0	89.0	739.0	2454.0	5486.0	12029.0	23025.0	40131.0	67540.0	102502.0	151895.0	213008.0	294884.0	394683.0	535919.0	713842.0	949275.0	1212032.0	1530682.0	1900286.0	2504516.0	3565871.0	7248113.0	52106748.0	13176378.0
	11.0	12.0	13.0	14.0	15.0	16.0	17.0	18.0	19.0	20.0	21.0	22.0	23.0	24.0	25.0	26.0	27.0	28.0	29.0	30.0	31.0	32.0	33.0	34.0	35.0	36.0	37.0
sample_29.trimmed.R2.v1	10.0	1042.0	7859.0	17582.0	23137.0	26523.0	31891.0	43976.0	69590.0	115186.0	181898.0	256742.0	345604.0	439437.0	548060.0	657492.0	792020.0	924649.0	1079332.0	1256748.0	1544393.0	1976368.0	2814400.0	4539147.0	10925539.0	50618823.0	7514684.0
	13.0	14.0	15.0	16.0	17.0	18.0	19.0	20.0	21.0	22.0	23.0	24.0	25.0	26.0	27.0	28.0	29.0	30.0	31.0	32.0	33.0	34.0	35.0	36.0	37.0
sample_3.trimmed.R1.v1	5.0	108.0	710.0	2084.0	5122.0	11827.0	23211.0	42729.0	75888.0	120903.0	180639.0	254748.0	350260.0	462217.0	617723.0	810790.0	1061974.0	1326279.0	1659284.0	2040331.0	2655675.0	3735465.0	7461002.0	55365113.0	15165661.0
	11.0	12.0	13.0	14.0	15.0	16.0	17.0	18.0	19.0	20.0	21.0	22.0	23.0	24.0	25.0	26.0	27.0	28.0	29.0	30.0	31.0	32.0	33.0	34.0	35.0	36.0	37.0
sample_3.trimmed.R2.v1	11.0	1117.0	8910.0	19788.0	26398.0	28096.0	32162.0	40685.0	61195.0	98557.0	157393.0	225775.0	307792.0	393524.0	494972.0	593587.0	716293.0	841965.0	1010833.0	1194972.0	1486577.0	1916398.0	2739094.0	4401232.0	10562875.0	55927785.0	10141762.0
	13.0	14.0	15.0	16.0	17.0	18.0	19.0	20.0	21.0	22.0	23.0	24.0	25.0	26.0	27.0	28.0	29.0	30.0	31.0	32.0	33.0	34.0	35.0	36.0	37.0
sample_30.trimmed.R1.v1	7.0	101.0	640.0	1866.0	4428.0	9742.0	19262.0	34604.0	58273.0	87567.0	125127.0	176331.0	250089.0	345657.0	484321.0	660680.0	895570.0	1157401.0	1478396.0	1837796.0	2420519.0	3442768.0	7021392.0	53255851.0	14106461.0
	11.0	12.0	13.0	14.0	15.0	16.0	17.0	18.0	19.0	20.0	21.0	22.0	23.0	24.0	25.0	26.0	27.0	28.0	29.0	30.0	31.0	32.0	33.0	34.0	35.0	36.0	37.0
sample_30.trimmed.R2.v1	17.0	1117.0	7752.0	15209.0	18217.0	20083.0	24137.0	33494.0	54022.0	92265.0	147522.0	212867.0	288796.0	371752.0	474141.0	579067.0	706371.0	830005.0	968074.0	1113563.0	1369817.0	1769648.0	2547637.0	4172906.0	10288904.0	53106812.0	8660654.0
	13.0	14.0	15.0	16.0	17.0	18.0	19.0	20.0	21.0	22.0	23.0	24.0	25.0	26.0	27.0	28.0	29.0	30.0	31.0	32.0	33.0	34.0	35.0	36.0	37.0
sample_31.trimmed.R1.v1	8.0	122.0	836.0	2526.0	5667.0	11812.0	23492.0	43958.0	79491.0	131079.0	200203.0	284536.0	391558.0	511725.0	669617.0	867509.0	1127077.0	1395504.0	1741537.0	2138021.0	2777795.0	3900530.0	7790244.0	55227863.0	14347455.0
	11.0	12.0	13.0	14.0	15.0	16.0	17.0	18.0	19.0	20.0	21.0	22.0	23.0	24.0	25.0	26.0	27.0	28.0	29.0	30.0	31.0	32.0	33.0	34.0	35.0	36.0	37.0
sample_31.trimmed.R2.v1	17.0	1369.0	9389.0	17929.0	22773.0	25291.0	30408.0	42118.0	67558.0	111254.0	177412.0	253631.0	345050.0	437276.0	543890.0	640750.0	760261.0	887308.0	1051776.0	1243816.0	1543424.0	1986119.0	2837690.0	4575631.0	11047647.0	55929652.0	9080726.0
	13.0	14.0	15.0	16.0	17.0	18.0	19.0	20.0	21.0	22.0	23.0	24.0	25.0	26.0	27.0	28.0	29.0	30.0	31.0	32.0	33.0	34.0	35.0	36.0	37.0
sample_32.trimmed.R1.v1	11.0	114.0	785.0	2317.0	5131.0	10604.0	21000.0	38127.0	65113.0	101603.0	152204.0	216009.0	304534.0	407239.0	551463.0	732712.0	980039.0	1256175.0	1603892.0	1995388.0	2637776.0	3761848.0	7714407.0	57441513.0	15057176.0
	11.0	12.0	13.0	14.0	15.0	16.0	17.0	18.0	19.0	20.0	21.0	22.0	23.0	24.0	25.0	26.0	27.0	28.0	29.0	30.0	31.0	32.0	33.0	34.0	35.0	36.0	37.0
sample_32.trimmed.R2.v1	12.0	1346.0	9536.0	20187.0	25268.0	27515.0	32563.0	43735.0	70023.0	113853.0	180605.0	258514.0	354659.0	456051.0	573072.0	688203.0	826287.0	961797.0	1129902.0	1323798.0	1652607.0	2138389.0	3082975.0	5010999.0	12082151.0	55846563.0	8146570.0
	13.0	14.0	15.0	16.0	17.0	18.0	19.0	20.0	21.0	22.0	23.0	24.0	25.0	26.0	27.0	28.0	29.0	30.0	31.0	32.0	33.0	34.0	35.0	36.0	37.0
sample_33.trimmed.R1.v1	8.0	90.0	664.0	1975.0	4721.0	10006.0	20612.0	37471.0	64137.0	98311.0	143996.0	199364.0	276354.0	374724.0	520384.0	710790.0	964110.0	1248237.0	1602868.0	2006959.0	2660471.0	3821471.0	7914176.0	57630123.0	14665366.0
	11.0	12.0	13.0	14.0	15.0	16.0	17.0	18.0	19.0	20.0	21.0	22.0	23.0	24.0	25.0	26.0	27.0	28.0	29.0	30.0	31.0	32.0	33.0	34.0	35.0	36.0	37.0
sample_33.trimmed.R2.v1	18.0	1609.0	11259.0	21738.0	26624.0	28125.0	31749.0	41781.0	63228.0	101869.0	161249.0	230081.0	313711.0	402158.0	507929.0	614572.0	746987.0	880172.0	1044866.0	1230829.0	1536825.0	1997141.0	2890769.0	4750873.0	11746526.0	57244697.0	8350003.0
	13.0	14.0	15.0	16.0	17.0	18.0	19.0	20.0	21.0	22.0	23.0	24.0	25.0	26.0	27.0	28.0	29.0	30.0	31.0	32.0	33.0	34.0	35.0	36.0	37.0
sample_34.trimmed.R1.v1	4.0	113.0	719.0	2070.0	4970.0	10343.0	20365.0	36959.0	63811.0	97508.0	142653.0	198215.0	275944.0	373941.0	519289.0	701699.0	945448.0	1220483.0	1560300.0	1955831.0	2595698.0	3739296.0	7786913.0	55770879.0	12952469.0
	11.0	12.0	13.0	14.0	15.0	16.0	17.0	18.0	19.0	20.0	21.0	22.0	23.0	24.0	25.0	26.0	27.0	28.0	29.0	30.0	31.0	32.0	33.0	34.0	35.0	36.0	37.0
sample_34.trimmed.R2.v1	12.0	1180.0	8980.0	18211.0	22706.0	25205.0	29653.0	40524.0	64365.0	105403.0	168327.0	242704.0	329877.0	422294.0	528033.0	637219.0	776810.0	909070.0	1064620.0	1245976.0	1555072.0	2034903.0	2923013.0	4747727.0	11589965.0	53929914.0	7554157.0
	13.0	14.0	15.0	16.0	17.0	18.0	19.0	20.0	21.0	22.0	23.0	24.0	25.0	26.0	27.0	28.0	29.0	30.0	31.0	32.0	33.0	34.0	35.0	36.0	37.0
sample_35.trimmed.R1.v1	6.0	114.0	615.0	1938.0	4701.0	10234.0	21306.0	39904.0	72207.0	115042.0	173385.0	245122.0	335186.0	441997.0	590189.0	779506.0	1034953.0	1317294.0	1675399.0	2092284.0	2764994.0	3954397.0	8118303.0	57749485.0	14313834.0
	11.0	12.0	13.0	14.0	15.0	16.0	17.0	18.0	19.0	20.0	21.0	22.0	23.0	24.0	25.0	26.0	27.0	28.0	29.0	30.0	31.0	32.0	33.0	34.0	35.0	36.0	37.0
sample_35.trimmed.R2.v1	14.0	968.0	8344.0	19322.0	25813.0	28130.0	32778.0	44071.0	69742.0	115884.0	187361.0	271586.0	366922.0	465690.0	581338.0	692463.0	828558.0	967291.0	1138565.0	1334693.0	1651703.0	2127382.0	3059336.0	4984594.0	12182943.0	56783677.0	7883227.0
	13.0	14.0	15.0	16.0	17.0	18.0	19.0	20.0	21.0	22.0	23.0	24.0	25.0	26.0	27.0	28.0	29.0	30.0	31.0	32.0	33.0	34.0	35.0	36.0	37.0
sample_36.trimmed.R1.v1	2.0	59.0	624.0	1823.0	4296.0	8998.0	18124.0	33105.0	58328.0	93986.0	142256.0	205481.0	288517.0	387840.0	523243.0	690289.0	918498.0	1172359.0	1484380.0	1839447.0	2411292.0	3406468.0	6876074.0	50385667.0	13626321.0
	11.0	12.0	13.0	14.0	15.0	16.0	17.0	18.0	19.0	20.0	21.0	22.0	23.0	24.0	25.0	26.0	27.0	28.0	29.0	30.0	31.0	32.0	33.0	34.0	35.0	36.0	37.0
sample_36.trimmed.R2.v1	11.0	790.0	7059.0	17502.0	24136.0	27007.0	30755.0	39930.0	62735.0	102959.0	165463.0	241526.0	331769.0	426864.0	536208.0	645284.0	773837.0	896400.0	1038827.0	1195439.0	1460846.0	1871708.0	2661023.0	4247792.0	10227755.0	50095362.0	7448490.0
	13.0	14.0	15.0	16.0	17.0	18.0	19.0	20.0	21.0	22.0	23.0	24.0	25.0	26.0	27.0	28.0	29.0	30.0	31.0	32.0	33.0	34.0	35.0	36.0	37.0
sample_37.trimmed.R1.v1	8.0	68.0	534.0	1684.0	4042.0	9198.0	19581.0	36555.0	64866.0	104114.0	155558.0	221840.0	309052.0	409448.0	537845.0	697387.0	911454.0	1150475.0	1450547.0	1795368.0	2349930.0	3339097.0	6815507.0	49166212.0	12752123.0
	11.0	12.0	13.0	14.0	15.0	16.0	17.0	18.0	19.0	20.0	21.0	22.0	23.0	24.0	25.0	26.0	27.0	28.0	29.0	30.0	31.0	32.0	33.0	34.0	35.0	36.0	37.0
sample_37.trimmed.R2.v1	9.0	819.0	7086.0	16259.0	21928.0	24257.0	28148.0	37264.0	58720.0	96300.0	154091.0	222447.0	305490.0	394704.0	496962.0	598301.0	717360.0	840882.0	998871.0	1179813.0	1471786.0	1902470.0	2749004.0	4502542.0	11007807.0	48265834.0	6203339.0
	13.0	14.0	15.0	16.0	17.0	18.0	19.0	20.0	21.0	22.0	23.0	24.0	25.0	26.0	27.0	28.0	29.0	30.0	31.0	32.0	33.0	34.0	35.0	36.0	37.0
sample_38.trimmed.R1.v1	5.0	91.0	644.0	2088.0	4932.0	10776.0	21777.0	39401.0	66738.0	103144.0	152811.0	216949.0	300171.0	400645.0	543435.0	724464.0	967793.0	1238728.0	1572269.0	1952921.0	2570752.0	3661642.0	7526185.0	54556380.0	13857114.0
	11.0	12.0	13.0	14.0	15.0	16.0	17.0	18.0	19.0	20.0	21.0	22.0	23.0	24.0	25.0	26.0	27.0	28.0	29.0	30.0	31.0	32.0	33.0	34.0	35.0	36.0	37.0
sample_38.trimmed.R2.v1	23.0	1557.0	9501.0	17436.0	20427.0	22602.0	28647.0	43256.0	75213.0	128477.0	206477.0	289445.0	380621.0	470824.0	571381.0	670947.0	793838.0	918074.0	1075114.0	1258284.0	1553483.0	1990566.0	2837256.0	4589333.0	11071776.0	53230879.0	8236418.0
	13.0	14.0	15.0	16.0	17.0	18.0	19.0	20.0	21.0	22.0	23.0	24.0	25.0	26.0	27.0	28.0	29.0	30.0	31.0	32.0	33.0	34.0	35.0	36.0	37.0
sample_39.trimmed.R1.v1	8.0	100.0	729.0	2288.0	5201.0	11512.0	23506.0	42850.0	71066.0	106464.0	151615.0	207718.0	286419.0	384565.0	529720.0	713908.0	957920.0	1233862.0	1572811.0	1959525.0	2583845.0	3674659.0	7506600.0	56273595.0	14748400.0
	11.0	12.0	13.0	14.0	15.0	16.0	17.0	18.0	19.0	20.0	21.0	22.0	23.0	24.0	25.0	26.0	27.0	28.0	29.0	30.0	31.0	32.0	33.0	34.0	35.0	36.0	37.0
sample_39.trimmed.R2.v1	17.0	1249.0	8650.0	16443.0	19973.0	21745.0	26807.0	37884.0	62059.0	103148.0	165860.0	238031.0	325197.0	416866.0	525990.0	636023.0	768144.0	896553.0	1049912.0	1230108.0	1533984.0	1990210.0	2868562.0	4677108.0	11409241.0	55669491.0	8349631.0
	13.0	14.0	15.0	16.0	17.0	18.0	19.0	20.0	21.0	22.0	23.0	24.0	25.0	26.0	27.0	28.0	29.0	30.0	31.0	32.0	33.0	34.0	35.0	36.0	37.0
sample_4.trimmed.R1.v1	4.0	75.0	557.0	1668.0	3854.0	8446.0	17257.0	31979.0	56678.0	92272.0	142153.0	204751.0	289687.0	386337.0	518214.0	679374.0	898475.0	1143112.0	1456509.0	1821660.0	2405709.0	3458917.0	7245696.0	52058096.0	11434468.0
	11.0	12.0	13.0	14.0	15.0	16.0	17.0	18.0	19.0	20.0	21.0	22.0	23.0	24.0	25.0	26.0	27.0	28.0	29.0	30.0	31.0	32.0	33.0	34.0	35.0	36.0	37.0
sample_4.trimmed.R2.v1	27.0	1445.0	9622.0	20267.0	25108.0	26378.0	28989.0	36121.0	53624.0	85412.0	137882.0	204029.0	280918.0	361272.0	454346.0	551919.0	680937.0	809873.0	948799.0	1114053.0	1404886.0	1861883.0	2665828.0	4297708.0	10379768.0	50473708.0	7441146.0
	13.0	14.0	15.0	16.0	17.0	18.0	19.0	20.0	21.0	22.0	23.0	24.0	25.0	26.0	27.0	28.0	29.0	30.0	31.0	32.0	33.0	34.0	35.0	36.0	37.0
sample_40.trimmed.R1.v1	9.0	122.0	857.0	2447.0	5434.0	11615.0	23323.0	41694.0	70384.0	106712.0	156406.0	219710.0	304379.0	411305.0	561679.0	757037.0	1019778.0	1316926.0	1683724.0	2101616.0	2774736.0	3952138.0	8084981.0	61210378.0	16302307.0
	11.0	12.0	13.0	14.0	15.0	16.0	17.0	18.0	19.0	20.0	21.0	22.0	23.0	24.0	25.0	26.0	27.0	28.0	29.0	30.0	31.0	32.0	33.0	34.0	35.0	36.0	37.0
sample_40.trimmed.R2.v1	8.0	1269.0	10103.0	21455.0	27190.0	29315.0	33250.0	43879.0	69544.0	113353.0	180634.0	255961.0	346309.0	441491.0	556390.0	666570.0	806061.0	943494.0	1117111.0	1321379.0	1657467.0	2163198.0	3127519.0	5125474.0	12570796.0	60560314.0	8930163.0
	13.0	14.0	15.0	16.0	17.0	18.0	19.0	20.0	21.0	22.0	23.0	24.0	25.0	26.0	27.0	28.0	29.0	30.0	31.0	32.0	33.0	34.0	35.0	36.0	37.0
sample_41.trimmed.R1.v1	7.0	100.0	746.0	2082.0	4899.0	10539.0	21397.0	38531.0	64750.0	96874.0	141634.0	195735.0	274299.0	373229.0	522136.0	710916.0	966508.0	1247380.0	1601726.0	1997273.0	2635857.0	3756129.0	7681179.0	56993728.0	14774437.0
	11.0	12.0	13.0	14.0	15.0	16.0	17.0	18.0	19.0	20.0	21.0	22.0	23.0	24.0	25.0	26.0	27.0	28.0	29.0	30.0	31.0	32.0	33.0	34.0	35.0	36.0	37.0
sample_41.trimmed.R2.v1	11.0	968.0	8577.0	21223.0	29482.0	32664.0	36025.0	44037.0	62254.0	97650.0	152340.0	216486.0	289717.0	370791.0	469013.0	576180.0	710747.0	845188.0	1001925.0	1176389.0	1469458.0	1913019.0	2772627.0	4544524.0	11119816.0	57033278.0	9117702.0
	13.0	14.0	15.0	16.0	17.0	18.0	19.0	20.0	21.0	22.0	23.0	24.0	25.0	26.0	27.0	28.0	29.0	30.0	31.0	32.0	33.0	34.0	35.0	36.0	37.0
sample_42.trimmed.R1.v1	4.0	114.0	615.0	2010.0	4730.0	10186.0	20896.0	37240.0	62465.0	95973.0	143273.0	206185.0	292063.0	401766.0	559633.0	759038.0	1024005.0	1320962.0	1692381.0	2115912.0	2802612.0	4002731.0	8216970.0	61870927.0	16348459.0
	11.0	12.0	13.0	14.0	15.0	16.0	17.0	18.0	19.0	20.0	21.0	22.0	23.0	24.0	25.0	26.0	27.0	28.0	29.0	30.0	31.0	32.0	33.0	34.0	35.0	36.0	37.0
sample_42.trimmed.R2.v1	10.0	1101.0	8936.0	19722.0	25453.0	26577.0	29932.0	38983.0	61017.0	102437.0	164831.0	238542.0	326236.0	426178.0	544773.0	666347.0	815601.0	959974.0	1135779.0	1338328.0	1679613.0	2193168.0	3188528.0	5258113.0	12981792.0	61116859.0	8642320.0
	13.0	14.0	15.0	16.0	17.0	18.0	19.0	20.0	21.0	22.0	23.0	24.0	25.0	26.0	27.0	28.0	29.0	30.0	31.0	32.0	33.0	34.0	35.0	36.0	37.0
sample_43.trimmed.R1.v1	5.0	76.0	569.0	1737.0	3929.0	8539.0	18084.0	33367.0	58650.0	90082.0	130932.0	183208.0	254608.0	345894.0	473376.0	635438.0	850076.0	1089385.0	1386135.0	1721731.0	2266655.0	3236947.0	6650202.0	49220293.0	12557520.0
	11.0	12.0	13.0	14.0	15.0	16.0	17.0	18.0	19.0	20.0	21.0	22.0	23.0	24.0	25.0	26.0	27.0	28.0	29.0	30.0	31.0	32.0	33.0	34.0	35.0	36.0	37.0
sample_43.trimmed.R2.v1	11.0	1077.0	7971.0	16749.0	20946.0	23150.0	27559.0	38083.0	61889.0	101202.0	159950.0	223720.0	298223.0	378504.0	471040.0	564190.0	674966.0	790076.0	938100.0	1108736.0	1384019.0	1801907.0	2605773.0	4282505.0	10527512.0	48141629.0	6567951.0
	13.0	14.0	15.0	16.0	17.0	18.0	19.0	20.0	21.0	22.0	23.0	24.0	25.0	26.0	27.0	28.0	29.0	30.0	31.0	32.0	33.0	34.0	35.0	36.0	37.0
sample_44.trimmed.R1.v1	9.0	136.0	1062.0	3457.0	8137.0	18090.0	35168.0	64906.0	110657.0	169913.0	250281.0	349092.0	482797.0	651122.0	897436.0	1215423.0	1643845.0	2120806.0	2710372.0	3372332.0	4457840.0	6363807.0	13033960.0	97348455.0	25289190.0
	11.0	12.0	13.0	14.0	15.0	16.0	17.0	18.0	19.0	20.0	21.0	22.0	23.0	24.0	25.0	26.0	27.0	28.0	29.0	30.0	31.0	32.0	33.0	34.0	35.0	36.0	37.0
sample_44.trimmed.R2.v1	23.0	1507.0	12273.0	27947.0	37594.0	41727.0	49042.0	68138.0	114151.0	196034.0	315054.0	443274.0	580644.0	727279.0	905775.0	1094111.0	1321825.0	1552351.0	1832567.0	2151352.0	2672403.0	3445251.0	4955903.0	8100680.0	19989287.0	96419351.0	13542750.0
	14.0	15.0	16.0	17.0	18.0	19.0	20.0	21.0	22.0	23.0	24.0	25.0	26.0	27.0	28.0	29.0	30.0	31.0	32.0	33.0	34.0	35.0	36.0	37.0
sample_45.trimmed.R1.v1	2.0	12.0	39.0	94.0	218.0	467.0	895.0	1472.0	2294.0	3335.0	4702.0	6156.0	8444.0	11643.0	15518.0	20700.0	25839.0	33120.0	40737.0	53858.0	76070.0	155275.0	1130252.0	288961.0
	12.0	13.0	14.0	15.0	16.0	17.0	18.0	19.0	20.0	21.0	22.0	23.0	24.0	25.0	26.0	27.0	28.0	29.0	30.0	31.0	32.0	33.0	34.0	35.0	36.0	37.0
sample_45.trimmed.R2.v1	32.0	249.0	447.0	552.0	565.0	638.0	945.0	1370.0	2193.0	3471.0	5203.0	6812.0	8746.0	11012.0	13347.0	15939.0	18469.0	22242.0	26330.0	32413.0	42121.0	60099.0	97103.0	236621.0	1112270.0	160914.0
	13.0	14.0	15.0	16.0	17.0	18.0	19.0	20.0	21.0	22.0	23.0	24.0	25.0	26.0	27.0	28.0	29.0	30.0	31.0	32.0	33.0	34.0	35.0	36.0	37.0
sample_46.trimmed.R1.v1	7.0	88.0	748.0	2267.0	5038.0	10021.0	19787.0	36449.0	62690.0	97472.0	143361.0	200035.0	279089.0	376968.0	516816.0	689487.0	923559.0	1181842.0	1500553.0	1866584.0	2463293.0	3514452.0	7249839.0	51919629.0	12548087.0
	11.0	12.0	13.0	14.0	15.0	16.0	17.0	18.0	19.0	20.0	21.0	22.0	23.0	24.0	25.0	26.0	27.0	28.0	29.0	30.0	31.0	32.0	33.0	34.0	35.0	36.0	37.0
sample_46.trimmed.R2.v1	18.0	1314.0	9340.0	18640.0	22730.0	24748.0	28578.0	39142.0	63134.0	102739.0	162208.0	230194.0	308808.0	392575.0	488450.0	584010.0	700669.0	818387.0	975798.0	1156214.0	1442071.0	1871480.0	2702894.0	4417858.0	10819679.0	50906678.0	7319805.0
	13.0	14.0	15.0	16.0	17.0	18.0	19.0	20.0	21.0	22.0	23.0	24.0	25.0	26.0	27.0	28.0	29.0	30.0	31.0	32.0	33.0	34.0	35.0	36.0	37.0
sample_47.trimmed.R1.v1	2.0	85.0	666.0	2182.0	5257.0	11988.0	25146.0	45652.0	76300.0	114844.0	163443.0	226319.0	313001.0	423511.0	586818.0	789575.0	1064098.0	1367338.0	1737486.0	2161175.0	2850911.0	4064942.0	8282237.0	60079447.0	15717249.0
	11.0	12.0	13.0	14.0	15.0	16.0	17.0	18.0	19.0	20.0	21.0	22.0	23.0	24.0	25.0	26.0	27.0	28.0	29.0	30.0	31.0	32.0	33.0	34.0	35.0	36.0	37.0
sample_47.trimmed.R2.v1	10.0	905.0	7187.0	15713.0	20592.0	22767.0	27246.0	37309.0	60708.0	101907.0	164984.0	236602.0	321394.0	414829.0	524208.0	634361.0	769500.0	912169.0	1091453.0	1296245.0	1615173.0	2096699.0	3017442.0	4914860.0	11999701.0	60333827.0	9471881.0
	13.0	14.0	15.0	16.0	17.0	18.0	19.0	20.0	21.0	22.0	23.0	24.0	25.0	26.0	27.0	28.0	29.0	30.0	31.0	32.0	33.0	34.0	35.0	36.0	37.0
sample_48.trimmed.R1.v1	14.0	108.0	718.0	2162.0	5131.0	10991.0	22558.0	40877.0	69499.0	105664.0	152538.0	212791.0	294405.0	393341.0	530160.0	704570.0	933366.0	1193613.0	1517017.0	1884705.0	2484930.0	3533444.0	7221514.0	52488632.0	13676816.0
	11.0	12.0	13.0	14.0	15.0	16.0	17.0	18.0	19.0	20.0	21.0	22.0	23.0	24.0	25.0	26.0	27.0	28.0	29.0	30.0	31.0	32.0	33.0	34.0	35.0	36.0	37.0
sample_48.trimmed.R2.v1	16.0	1279.0	8148.0	15791.0	19409.0	21870.0	27673.0	39745.0	64969.0	108457.0	171748.0	243639.0	327714.0	416952.0	520676.0	620939.0	742981.0	863713.0	1022462.0	1208809.0	1514027.0	1974096.0	2874999.0	4732315.0	11511624.0	51174932.0	7250581.0
	13.0	14.0	15.0	16.0	17.0	18.0	19.0	20.0	21.0	22.0	23.0	24.0	25.0	26.0	27.0	28.0	29.0	30.0	31.0	32.0	33.0	34.0	35.0	36.0	37.0
sample_49.trimmed.R1.v1	4.0	80.0	674.0	2091.0	5141.0	11313.0	23140.0	42250.0	74961.0	118531.0	175041.0	240908.0	329490.0	444145.0	605210.0	809709.0	1084503.0	1373820.0	1726991.0	2131925.0	2791032.0	3957983.0	7943741.0	57387591.0	15640145.0
	11.0	12.0	13.0	14.0	15.0	16.0	17.0	18.0	19.0	20.0	21.0	22.0	23.0	24.0	25.0	26.0	27.0	28.0	29.0	30.0	31.0	32.0	33.0	34.0	35.0	36.0	37.0
sample_49.trimmed.R2.v1	11.0	906.0	6909.0	14484.0	18847.0	20667.0	24384.0	32129.0	49859.0	82013.0	131516.0	191385.0	263390.0	343667.0	440877.0	536735.0	657397.0	784654.0	947716.0	1137554.0	1434445.0	1871531.0	2709008.0	4430315.0	10830343.0	59107129.0	10852548.0
	13.0	14.0	15.0	16.0	17.0	18.0	19.0	20.0	21.0	22.0	23.0	24.0	25.0	26.0	27.0	28.0	29.0	30.0	31.0	32.0	33.0	34.0	35.0	36.0	37.0
sample_5.trimmed.R1.v1	5.0	91.0	547.0	1747.0	3997.0	8797.0	17024.0	30334.0	51132.0	77850.0	113566.0	159465.0	225852.0	311308.0	438112.0	597240.0	806836.0	1038874.0	1323731.0	1643600.0	2161210.0	3066581.0	6219534.0	46320888.0	12373469.0
	11.0	12.0	13.0	14.0	15.0	16.0	17.0	18.0	19.0	20.0	21.0	22.0	23.0	24.0	25.0	26.0	27.0	28.0	29.0	30.0	31.0	32.0	33.0	34.0	35.0	36.0	37.0
sample_5.trimmed.R2.v1	8.0	747.0	6720.0	16040.0	21428.0	23162.0	25901.0	32740.0	48795.0	78893.0	125128.0	180926.0	243686.0	312122.0	395894.0	484587.0	595046.0	706784.0	837499.0	979844.0	1212090.0	1562602.0	2253674.0	3660025.0	8929409.0	46385846.0	7872194.0
	12.0	13.0	14.0	15.0	16.0	17.0	18.0	19.0	20.0	21.0	22.0	23.0	24.0	25.0	26.0	27.0	28.0	29.0	30.0	31.0	32.0	33.0	34.0	35.0	36.0	37.0
sample_50.trimmed.R1.v1	1.0	8.0	87.0	931.0	2560.0	5461.0	11653.0	23127.0	40364.0	70883.0	110876.0	166978.0	238317.0	332943.0	443157.0	597831.0	790718.0	1051581.0	1343170.0	1703619.0	2101340.0	2754092.0	3893923.0	7822702.0	58916402.0	17103132.0
	11.0	12.0	13.0	14.0	15.0	16.0	17.0	18.0	19.0	20.0	21.0	22.0	23.0	24.0	25.0	26.0	27.0	28.0	29.0	30.0	31.0	32.0	33.0	34.0	35.0	36.0	37.0
sample_50.trimmed.R2.v1	18.0	1480.0	11405.0	23633.0	29695.0	30839.0	34304.0	43159.0	65648.0	104989.0	166418.0	234285.0	310569.0	393965.0	492107.0	592093.0	717579.0	845741.0	1003994.0	1186496.0	1481960.0	1923991.0	2769099.0	4502928.0	11023715.0	60132332.0	11403414.0
	13.0	14.0	15.0	16.0	17.0	18.0	19.0	20.0	21.0	22.0	23.0	24.0	25.0	26.0	27.0	28.0	29.0	30.0	31.0	32.0	33.0	34.0	35.0	36.0	37.0
sample_51.trimmed.R1.v1	8.0	114.0	879.0	2578.0	5676.0	12489.0	25437.0	46049.0	77403.0	117854.0	174563.0	249423.0	344698.0	458524.0	622554.0	838964.0	1131826.0	1461373.0	1865390.0	2313523.0	3043880.0	4320172.0	8796941.0	65644336.0	17638651.0
	11.0	12.0	13.0	14.0	15.0	16.0	17.0	18.0	19.0	20.0	21.0	22.0	23.0	24.0	25.0	26.0	27.0	28.0	29.0	30.0	31.0	32.0	33.0	34.0	35.0	36.0	37.0
sample_51.trimmed.R2.v1	13.0	1088.0	8237.0	17831.0	23454.0	25890.0	30885.0	42502.0	69070.0	116059.0	186996.0	266483.0	353237.0	440174.0	547218.0	662148.0	810452.0	957308.0	1127395.0	1323460.0	1653936.0	2151768.0	3082660.0	4969259.0	12077239.0	65935966.0	12312577.0
	13.0	14.0	15.0	16.0	17.0	18.0	19.0	20.0	21.0	22.0	23.0	24.0	25.0	26.0	27.0	28.0	29.0	30.0	31.0	32.0	33.0	34.0	35.0	36.0	37.0
sample_52.trimmed.R1.v1	7.0	113.0	980.0	3006.0	6774.0	13992.0	27268.0	47661.0	80057.0	121156.0	175145.0	241928.0	330869.0	441628.0	598838.0	796396.0	1061582.0	1355763.0	1714619.0	2112201.0	2763594.0	3911681.0	7873826.0	56889173.0	14990558.0
	11.0	12.0	13.0	14.0	15.0	16.0	17.0	18.0	19.0	20.0	21.0	22.0	23.0	24.0	25.0	26.0	27.0	28.0	29.0	30.0	31.0	32.0	33.0	34.0	35.0	36.0	37.0
sample_52.trimmed.R2.v1	15.0	1206.0	8163.0	16062.0	19984.0	22531.0	26914.0	36946.0	58537.0	96584.0	154364.0	220096.0	298811.0	382365.0	481940.0	580849.0	702143.0	827784.0	986551.0	1162934.0	1450553.0	1874674.0	2687135.0	4356771.0	10624089.0	57613433.0	10867381.0
	13.0	14.0	15.0	16.0	17.0	18.0	19.0	20.0	21.0	22.0	23.0	24.0	25.0	26.0	27.0	28.0	29.0	30.0	31.0	32.0	33.0	34.0	35.0	36.0	37.0
sample_53.trimmed.R1.v1	3.0	119.0	835.0	2756.0	6903.0	14534.0	29390.0	54209.0	98155.0	160964.0	245735.0	352119.0	491961.0	659981.0	890615.0	1176683.0	1556651.0	1966217.0	2479870.0	3064499.0	3990894.0	5617968.0	11206113.0	80476539.0	21599847.0
	11.0	12.0	13.0	14.0	15.0	16.0	17.0	18.0	19.0	20.0	21.0	22.0	23.0	24.0	25.0	26.0	27.0	28.0	29.0	30.0	31.0	32.0	33.0	34.0	35.0	36.0	37.0
sample_53.trimmed.R2.v1	20.0	1777.0	12098.0	24247.0	29820.0	31637.0	37253.0	49742.0	80446.0	134412.0	215995.0	307393.0	414812.0	524624.0	655947.0	787497.0	952157.0	1128747.0	1349423.0	1596376.0	1985807.0	2575252.0	3709476.0	6048932.0	14990764.0	83378719.0	15120187.0
	13.0	14.0	15.0	16.0	17.0	18.0	19.0	20.0	21.0	22.0	23.0	24.0	25.0	26.0	27.0	28.0	29.0	30.0	31.0	32.0	33.0	34.0	35.0	36.0	37.0
sample_54.trimmed.R1.v1	8.0	142.0	1016.0	3390.0	7542.0	15950.0	30495.0	54093.0	90110.0	139602.0	204728.0	288991.0	410138.0	562293.0	776355.0	1040954.0	1394231.0	1790490.0	2275029.0	2818170.0	3691554.0	5230138.0	10506150.0	78625015.0	22618525.0
	11.0	12.0	13.0	14.0	15.0	16.0	17.0	18.0	19.0	20.0	21.0	22.0	23.0	24.0	25.0	26.0	27.0	28.0	29.0	30.0	31.0	32.0	33.0	34.0	35.0	36.0	37.0
sample_54.trimmed.R2.v1	16.0	1515.0	12061.0	26079.0	33126.0	35466.0	40854.0	52360.0	80146.0	129041.0	204660.0	294335.0	400133.0	511835.0	650026.0	788520.0	961890.0	1134869.0	1333592.0	1561670.0	1942721.0	2512398.0	3612886.0	5865144.0	14299501.0	80138131.0	15952134.0
	13.0	14.0	15.0	16.0	17.0	18.0	19.0	20.0	21.0	22.0	23.0	24.0	25.0	26.0	27.0	28.0	29.0	30.0	31.0	32.0	33.0	34.0	35.0	36.0	37.0
sample_55.trimmed.R1.v1	4.0	109.0	814.0	2400.0	5634.0	12481.0	25410.0	44494.0	74044.0	111201.0	161929.0	226378.0	316033.0	426944.0	590088.0	792388.0	1061454.0	1360910.0	1729347.0	2139996.0	2804071.0	3950921.0	7826703.0	59639594.0	18588732.0
	11.0	12.0	13.0	14.0	15.0	16.0	17.0	18.0	19.0	20.0	21.0	22.0	23.0	24.0	25.0	26.0	27.0	28.0	29.0	30.0	31.0	32.0	33.0	34.0	35.0	36.0	37.0
sample_55.trimmed.R2.v1	12.0	892.0	7295.0	17858.0	23866.0	26304.0	29458.0	36479.0	54775.0	89013.0	142698.0	205981.0	279820.0	362144.0	465706.0	570641.0	702280.0	836638.0	993541.0	1171385.0	1463396.0	1888927.0	2709298.0	4398519.0	10770651.0	62192144.0	12452358.0
	13.0	14.0	15.0	16.0	17.0	18.0	19.0	20.0	21.0	22.0	23.0	24.0	25.0	26.0	27.0	28.0	29.0	30.0	31.0	32.0	33.0	34.0	35.0	36.0	37.0
sample_56.trimmed.R1.v1	4.0	123.0	803.0	2598.0	6093.0	13134.0	26507.0	47669.0	79155.0	120458.0	174341.0	244544.0	344691.0	478086.0	671720.0	915836.0	1238565.0	1592628.0	2025747.0	2523606.0	3316476.0	4694143.0	9488912.0	70433971.0	20036574.0
	11.0	12.0	13.0	14.0	15.0	16.0	17.0	18.0	19.0	20.0	21.0	22.0	23.0	24.0	25.0	26.0	27.0	28.0	29.0	30.0	31.0	32.0	33.0	34.0	35.0	36.0	37.0
sample_56.trimmed.R2.v1	18.0	1608.0	9947.0	17964.0	21392.0	22851.0	27318.0	37602.0	59944.0	99228.0	159127.0	229394.0	314841.0	407235.0	518674.0	635447.0	780635.0	926789.0	1100723.0	1299960.0	1629277.0	2131108.0	3103801.0	5124029.0	12821904.0	72578970.0	14416598.0
	13.0	14.0	15.0	16.0	17.0	18.0	19.0	20.0	21.0	22.0	23.0	24.0	25.0	26.0	27.0	28.0	29.0	30.0	31.0	32.0	33.0	34.0	35.0	36.0	37.0
sample_57.trimmed.R1.v1	11.0	112.0	978.0	2963.0	6376.0	13153.0	25601.0	46500.0	77813.0	118755.0	172371.0	238578.0	326098.0	436424.0	593824.0	791241.0	1051856.0	1339181.0	1693517.0	2096307.0	2749191.0	3891409.0	7866501.0	57028989.0	14478625.0
	11.0	12.0	13.0	14.0	15.0	16.0	17.0	18.0	19.0	20.0	21.0	22.0	23.0	24.0	25.0	26.0	27.0	28.0	29.0	30.0	31.0	32.0	33.0	34.0	35.0	36.0	37.0
sample_57.trimmed.R2.v1	10.0	1532.0	9709.0	18660.0	22134.0	24035.0	28765.0	39010.0	61281.0	100975.0	159878.0	230169.0	312014.0	399736.0	506953.0	612744.0	742083.0	875425.0	1035139.0	1217074.0	1508495.0	1950318.0	2804219.0	4541961.0	11046454.0	57385750.0	9411851.0
	13.0	14.0	15.0	16.0	17.0	18.0	19.0	20.0	21.0	22.0	23.0	24.0	25.0	26.0	27.0	28.0	29.0	30.0	31.0	32.0	33.0	34.0	35.0	36.0	37.0
sample_58.trimmed.R1.v1	3.0	94.0	718.0	2278.0	5697.0	12525.0	24911.0	44678.0	74381.0	114857.0	168078.0	234828.0	319053.0	423008.0	570239.0	760427.0	1021891.0	1309891.0	1666263.0	2061951.0	2699315.0	3812331.0	7620609.0	56515500.0	16673022.0
	11.0	12.0	13.0	14.0	15.0	16.0	17.0	18.0	19.0	20.0	21.0	22.0	23.0	24.0	25.0	26.0	27.0	28.0	29.0	30.0	31.0	32.0	33.0	34.0	35.0	36.0	37.0
sample_58.trimmed.R2.v1	10.0	966.0	7765.0	17775.0	22880.0	24326.0	27767.0	37463.0	59923.0	100871.0	161934.0	229480.0	304604.0	382359.0	479235.0	576700.0	699917.0	826588.0	985686.0	1167832.0	1462803.0	1888004.0	2712126.0	4383910.0	10617577.0	57589626.0	11368421.0
	12.0	13.0	14.0	15.0	16.0	17.0	18.0	19.0	20.0	21.0	22.0	23.0	24.0	25.0	26.0	27.0	28.0	29.0	30.0	31.0	32.0	33.0	34.0	35.0	36.0	37.0
sample_59.trimmed.R1.v1	1.0	4.0	93.0	682.0	2082.0	4937.0	10471.0	21782.0	41548.0	76346.0	125320.0	192861.0	275673.0	383330.0	507963.0	675794.0	884468.0	1160186.0	1444852.0	1802965.0	2219141.0	2886406.0	4057408.0	8115926.0	58450182.0	16209287.0
	11.0	12.0	13.0	14.0	15.0	16.0	17.0	18.0	19.0	20.0	21.0	22.0	23.0	24.0	25.0	26.0	27.0	28.0	29.0	30.0	31.0	32.0	33.0	34.0	35.0	36.0	37.0
sample_59.trimmed.R2.v1	13.0	1160.0	8549.0	17474.0	21624.0	22953.0	25742.0	34342.0	55608.0	92586.0	148963.0	215648.0	297603.0	383846.0	484936.0	586471.0	716291.0	850253.0	1018377.0	1207752.0	1507575.0	1945202.0	2791016.0	4525993.0	11057266.0	60530942.0	11001523.0
	13.0	14.0	15.0	16.0	17.0	18.0	19.0	20.0	21.0	22.0	23.0	24.0	25.0	26.0	27.0	28.0	29.0	30.0	31.0	32.0	33.0	34.0	35.0	36.0	37.0
sample_6.trimmed.R1.v1	6.0	79.0	478.0	1572.0	3794.0	8142.0	16900.0	30926.0	53059.0	81384.0	117789.0	163602.0	227850.0	305353.0	416320.0	554299.0	742735.0	952265.0	1211007.0	1499640.0	1969496.0	2778160.0	5547644.0	42649515.0	12440915.0
	11.0	12.0	13.0	14.0	15.0	16.0	17.0	18.0	19.0	20.0	21.0	22.0	23.0	24.0	25.0	26.0	27.0	28.0	29.0	30.0	31.0	32.0	33.0	34.0	35.0	36.0	37.0
sample_6.trimmed.R2.v1	5.0	744.0	6342.0	14368.0	18681.0	20169.0	22949.0	29233.0	44610.0	72222.0	116492.0	168308.0	230417.0	300457.0	383951.0	468125.0	568394.0	667368.0	783914.0	913906.0	1135061.0	1464869.0	2102675.0	3407351.0	8271583.0	43226295.0	7334441.0
	12.0	13.0	14.0	15.0	16.0	17.0	18.0	19.0	20.0	21.0	22.0	23.0	24.0	25.0	26.0	27.0	28.0	29.0	30.0	31.0	32.0	33.0	34.0	35.0	36.0	37.0
sample_60.trimmed.R1.v1	1.0	4.0	132.0	976.0	2793.0	6412.0	13120.0	25285.0	45603.0	79040.0	125381.0	190022.0	268636.0	375346.0	510083.0	699979.0	939784.0	1253952.0	1605578.0	2036548.0	2514892.0	3281921.0	4617797.0	9230494.0	68300818.0	19220498.0
	11.0	12.0	13.0	14.0	15.0	16.0	17.0	18.0	19.0	20.0	21.0	22.0	23.0	24.0	25.0	26.0	27.0	28.0	29.0	30.0	31.0	32.0	33.0	34.0	35.0	36.0	37.0
sample_60.trimmed.R2.v1	9.0	893.0	7755.0	18094.0	23904.0	26702.0	31035.0	43239.0	73461.0	127298.0	206605.0	288906.0	376811.0	464433.0	573156.0	687017.0	830797.0	987611.0	1188857.0	1422374.0	1775215.0	2291326.0	3276341.0	5268400.0	12800419.0	69856812.0	12697625.0
	13.0	14.0	15.0	16.0	17.0	18.0	19.0	20.0	21.0	22.0	23.0	24.0	25.0	26.0	27.0	28.0	29.0	30.0	31.0	32.0	33.0	34.0	35.0	36.0	37.0
sample_61.trimmed.R1.v1	9.0	138.0	1057.0	3489.0	7974.0	16628.0	33051.0	60272.0	102890.0	160389.0	237999.0	333585.0	460610.0	616248.0	845551.0	1137689.0	1527950.0	1957567.0	2492889.0	3094084.0	4068751.0	5800673.0	11784843.0	82607938.0	21306918.0
	11.0	12.0	13.0	14.0	15.0	16.0	17.0	18.0	19.0	20.0	21.0	22.0	23.0	24.0	25.0	26.0	27.0	28.0	29.0	30.0	31.0	32.0	33.0	34.0	35.0	36.0	37.0
sample_61.trimmed.R2.v1	31.0	1886.0	13579.0	28825.0	37076.0	39732.0	45792.0	60517.0	94149.0	157158.0	252309.0	359172.0	478160.0	594063.0	728700.0	866619.0	1044629.0	1232133.0	1468563.0	1726508.0	2143813.0	2763599.0	3962615.0	6420913.0	15725734.0	83663055.0	14749862.0
	13.0	14.0	15.0	16.0	17.0	18.0	19.0	20.0	21.0	22.0	23.0	24.0	25.0	26.0	27.0	28.0	29.0	30.0	31.0	32.0	33.0	34.0	35.0	36.0	37.0
sample_62.trimmed.R1.v1	13.0	133.0	982.0	3277.0	8137.0	18189.0	37076.0	67240.0	115854.0	181674.0	274201.0	397343.0	567509.0	773705.0	1046421.0	1389029.0	1849114.0	2353537.0	2984875.0	3704240.0	4872516.0	6897518.0	13899745.0	103780437.0	28846612.0
	11.0	12.0	13.0	14.0	15.0	16.0	17.0	18.0	19.0	20.0	21.0	22.0	23.0	24.0	25.0	26.0	27.0	28.0	29.0	30.0	31.0	32.0	33.0	34.0	35.0	36.0	37.0
sample_62.trimmed.R2.v1	43.0	3006.0	19311.0	34863.0	40899.0	43404.0	50609.0	69040.0	109452.0	183456.0	298044.0	433799.0	595192.0	767594.0	959484.0	1147479.0	1374163.0	1597761.0	1879887.0	2204186.0	2748838.0	3561436.0	5091701.0	8209704.0	19921816.0	104257826.0	18466384.0
	13.0	14.0	15.0	16.0	17.0	18.0	19.0	20.0	21.0	22.0	23.0	24.0	25.0	26.0	27.0	28.0	29.0	30.0	31.0	32.0	33.0	34.0	35.0	36.0	37.0
sample_63.trimmed.R1.v1	4.0	110.0	745.0	2265.0	5579.0	11556.0	23160.0	41716.0	72162.0	114468.0	175334.0	253259.0	355286.0	478664.0	649290.0	854571.0	1126510.0	1420725.0	1780743.0	2192735.0	2861556.0	4042073.0	8129230.0	58080838.0	15410329.0
	11.0	12.0	13.0	14.0	15.0	16.0	17.0	18.0	19.0	20.0	21.0	22.0	23.0	24.0	25.0	26.0	27.0	28.0	29.0	30.0	31.0	32.0	33.0	34.0	35.0	36.0	37.0
sample_63.trimmed.R2.v1	16.0	1537.0	9443.0	17190.0	20903.0	22650.0	27298.0	38815.0	61555.0	102206.0	166468.0	239611.0	324394.0	411765.0	509490.0	604383.0	721425.0	847023.0	1008165.0	1193806.0	1486054.0	1913939.0	2729938.0	4418340.0	10760705.0	59083306.0	11362483.0
	13.0	14.0	15.0	16.0	17.0	18.0	19.0	20.0	21.0	22.0	23.0	24.0	25.0	26.0	27.0	28.0	29.0	30.0	31.0	32.0	33.0	34.0	35.0	36.0	37.0
sample_7.trimmed.R1.v1	1.0	46.0	426.0	1574.0	4161.0	9753.0	20372.0	36814.0	64165.0	102489.0	154249.0	216798.0	296977.0	390421.0	518497.0	677566.0	880531.0	1091496.0	1352040.0	1650238.0	2135747.0	2987339.0	5850540.0	41903583.0	12102025.0
	11.0	12.0	13.0	14.0	15.0	16.0	17.0	18.0	19.0	20.0	21.0	22.0	23.0	24.0	25.0	26.0	27.0	28.0	29.0	30.0	31.0	32.0	33.0	34.0	35.0	36.0	37.0
sample_7.trimmed.R2.v1	7.0	799.0	6221.0	12702.0	15197.0	15577.0	17539.0	23465.0	36876.0	64007.0	105100.0	156392.0	219735.0	291021.0	371419.0	450881.0	545012.0	643600.0	768325.0	907892.0	1127135.0	1448988.0	2067805.0	3306566.0	7934281.0	43730418.0	8180888.0
	13.0	14.0	15.0	16.0	17.0	18.0	19.0	20.0	21.0	22.0	23.0	24.0	25.0	26.0	27.0	28.0	29.0	30.0	31.0	32.0	33.0	34.0	35.0	36.0	37.0
sample_8.trimmed.R1.v1	8.0	115.0	677.0	2140.0	5394.0	11459.0	23544.0	41898.0	71405.0	107944.0	157583.0	221576.0	312758.0	426460.0	586862.0	781610.0	1040192.0	1330318.0	1682474.0	2076795.0	2709104.0	3811127.0	7581771.0	55909495.0	16761317.0
	11.0	12.0	13.0	14.0	15.0	16.0	17.0	18.0	19.0	20.0	21.0	22.0	23.0	24.0	25.0	26.0	27.0	28.0	29.0	30.0	31.0	32.0	33.0	34.0	35.0	36.0	37.0
sample_8.trimmed.R2.v1	15.0	1691.0	12817.0	25963.0	31372.0	32626.0	35048.0	43054.0	62934.0	100035.0	156678.0	221502.0	296422.0	375547.0	473367.0	570343.0	691093.0	818037.0	972303.0	1143498.0	1417640.0	1828009.0	2614861.0	4221436.0	10207877.0	57367490.0	11932368.0
	13.0	14.0	15.0	16.0	17.0	18.0	19.0	20.0	21.0	22.0	23.0	24.0	25.0	26.0	27.0	28.0	29.0	30.0	31.0	32.0	33.0	34.0	35.0	36.0	37.0
sample_9.trimmed.R1.v1	8.0	113.0	858.0	2788.0	6283.0	14115.0	28650.0	54067.0	95693.0	150885.0	218921.0	298153.0	402574.0	531287.0	714443.0	944852.0	1250139.0	1573198.0	1974885.0	2432371.0	3180679.0	4501871.0	9028012.0	63973773.0	16679231.0
	11.0	12.0	13.0	14.0	15.0	16.0	17.0	18.0	19.0	20.0	21.0	22.0	23.0	24.0	25.0	26.0	27.0	28.0	29.0	30.0	31.0	32.0	33.0	34.0	35.0	36.0	37.0
sample_9.trimmed.R2.v1	15.0	1121.0	9205.0	21357.0	29437.0	33335.0	39364.0	52193.0	80458.0	131593.0	207551.0	295154.0	400221.0	509976.0	634288.0	758350.0	904585.0	1059510.0	1250029.0	1476279.0	1833352.0	2361029.0	3382349.0	5459416.0	13115940.0	64052693.0	9959049.0

